 434
   .100000000000D+01   .000000000000D+00   .000000000000D+00   .526589796822D-03
  -.100000000000D+01   .000000000000D+00   .000000000000D+00   .526589796822D-03
   .000000000000D+00   .100000000000D+01   .000000000000D+00   .526589796822D-03
   .000000000000D+00  -.100000000000D+01   .000000000000D+00   .526589796822D-03
   .000000000000D+00   .000000000000D+00   .100000000000D+01   .526589796822D-03
   .000000000000D+00   .000000000000D+00  -.100000000000D+01   .526589796822D-03
   .577350269190D+00   .577350269190D+00   .577350269190D+00   .251231741893D-02
   .577350269190D+00   .577350269190D+00  -.577350269190D+00   .251231741893D-02
   .577350269190D+00  -.577350269190D+00   .577350269190D+00   .251231741893D-02
   .577350269190D+00  -.577350269190D+00  -.577350269190D+00   .251231741893D-02
  -.577350269190D+00   .577350269190D+00   .577350269190D+00   .251231741893D-02
  -.577350269190D+00   .577350269190D+00  -.577350269190D+00   .251231741893D-02
  -.577350269190D+00  -.577350269190D+00   .577350269190D+00   .251231741893D-02
  -.577350269190D+00  -.577350269190D+00  -.577350269190D+00   .251231741893D-02
   .707106781187D+00   .707106781187D+00   .000000000000D+00   .254821997200D-02
   .000000000000D+00   .707106781187D+00   .707106781187D+00   .254821997200D-02
   .707106781187D+00   .000000000000D+00   .707106781187D+00   .254821997200D-02
   .707106781187D+00  -.707106781187D+00   .000000000000D+00   .254821997200D-02
   .000000000000D+00   .707106781187D+00  -.707106781187D+00   .254821997200D-02
  -.707106781187D+00   .000000000000D+00   .707106781187D+00   .254821997200D-02
  -.707106781187D+00   .707106781187D+00   .000000000000D+00   .254821997200D-02
   .000000000000D+00  -.707106781187D+00   .707106781187D+00   .254821997200D-02
   .707106781187D+00   .000000000000D+00  -.707106781187D+00   .254821997200D-02
  -.707106781187D+00  -.707106781187D+00   .000000000000D+00   .254821997200D-02
   .000000000000D+00  -.707106781187D+00  -.707106781187D+00   .254821997200D-02
  -.707106781187D+00   .000000000000D+00  -.707106781187D+00   .254821997200D-02
   .212646824708D+00   .690934630751D+00   .690934630751D+00   .253040380119D-02
   .690934630751D+00   .212646824708D+00   .690934630751D+00   .253040380119D-02
   .690934630751D+00   .690934630751D+00   .212646824708D+00   .253040380119D-02
   .212646824708D+00   .690934630751D+00  -.690934630751D+00   .253040380119D-02
   .690934630751D+00   .212646824708D+00  -.690934630751D+00   .253040380119D-02
   .690934630751D+00   .690934630751D+00  -.212646824708D+00   .253040380119D-02
   .212646824708D+00  -.690934630751D+00   .690934630751D+00   .253040380119D-02
   .690934630751D+00  -.212646824708D+00   .690934630751D+00   .253040380119D-02
   .690934630751D+00  -.690934630751D+00   .212646824708D+00   .253040380119D-02
   .212646824708D+00  -.690934630751D+00  -.690934630751D+00   .253040380119D-02
   .690934630751D+00  -.212646824708D+00  -.690934630751D+00   .253040380119D-02
   .690934630751D+00  -.690934630751D+00  -.212646824708D+00   .253040380119D-02
  -.212646824708D+00   .690934630751D+00   .690934630751D+00   .253040380119D-02
  -.690934630751D+00   .212646824708D+00   .690934630751D+00   .253040380119D-02
  -.690934630751D+00   .690934630751D+00   .212646824708D+00   .253040380119D-02
  -.212646824708D+00   .690934630751D+00  -.690934630751D+00   .253040380119D-02
  -.690934630751D+00   .212646824708D+00  -.690934630751D+00   .253040380119D-02
  -.690934630751D+00   .690934630751D+00  -.212646824708D+00   .253040380119D-02
  -.212646824708D+00  -.690934630751D+00   .690934630751D+00   .253040380119D-02
  -.690934630751D+00  -.212646824708D+00   .690934630751D+00   .253040380119D-02
  -.690934630751D+00  -.690934630751D+00   .212646824708D+00   .253040380119D-02
  -.212646824708D+00  -.690934630751D+00  -.690934630751D+00   .253040380119D-02
  -.690934630751D+00  -.212646824708D+00  -.690934630751D+00   .253040380119D-02
  -.690934630751D+00  -.690934630751D+00  -.212646824708D+00   .253040380119D-02
   .407712664898D+00   .645666470742D+00   .645666470742D+00   .251326717460D-02
   .645666470742D+00   .407712664898D+00   .645666470742D+00   .251326717460D-02
   .645666470742D+00   .645666470742D+00   .407712664898D+00   .251326717460D-02
   .407712664898D+00   .645666470742D+00  -.645666470742D+00   .251326717460D-02
   .645666470742D+00   .407712664898D+00  -.645666470742D+00   .251326717460D-02
   .645666470742D+00   .645666470742D+00  -.407712664898D+00   .251326717460D-02
   .407712664898D+00  -.645666470742D+00   .645666470742D+00   .251326717460D-02
   .645666470742D+00  -.407712664898D+00   .645666470742D+00   .251326717460D-02
   .645666470742D+00  -.645666470742D+00   .407712664898D+00   .251326717460D-02
   .407712664898D+00  -.645666470742D+00  -.645666470742D+00   .251326717460D-02
   .645666470742D+00  -.407712664898D+00  -.645666470742D+00   .251326717460D-02
   .645666470742D+00  -.645666470742D+00  -.407712664898D+00   .251326717460D-02
  -.407712664898D+00   .645666470742D+00   .645666470742D+00   .251326717460D-02
  -.645666470742D+00   .407712664898D+00   .645666470742D+00   .251326717460D-02
  -.645666470742D+00   .645666470742D+00   .407712664898D+00   .251326717460D-02
  -.407712664898D+00   .645666470742D+00  -.645666470742D+00   .251326717460D-02
  -.645666470742D+00   .407712664898D+00  -.645666470742D+00   .251326717460D-02
  -.645666470742D+00   .645666470742D+00  -.407712664898D+00   .251326717460D-02
  -.407712664898D+00  -.645666470742D+00   .645666470742D+00   .251326717460D-02
  -.645666470742D+00  -.407712664898D+00   .645666470742D+00   .251326717460D-02
  -.645666470742D+00  -.645666470742D+00   .407712664898D+00   .251326717460D-02
  -.407712664898D+00  -.645666470742D+00  -.645666470742D+00   .251326717460D-02
  -.645666470742D+00  -.407712664898D+00  -.645666470742D+00   .251326717460D-02
  -.645666470742D+00  -.645666470742D+00  -.407712664898D+00   .251326717460D-02
   .719016501041D+00   .491434263778D+00   .491434263778D+00   .250172516840D-02
   .491434263778D+00   .719016501041D+00   .491434263778D+00   .250172516840D-02
   .491434263778D+00   .491434263778D+00   .719016501041D+00   .250172516840D-02
   .719016501041D+00   .491434263778D+00  -.491434263778D+00   .250172516840D-02
   .491434263778D+00   .719016501041D+00  -.491434263778D+00   .250172516840D-02
   .491434263778D+00   .491434263778D+00  -.719016501041D+00   .250172516840D-02
   .719016501041D+00  -.491434263778D+00   .491434263778D+00   .250172516840D-02
   .491434263778D+00  -.719016501041D+00   .491434263778D+00   .250172516840D-02
   .491434263778D+00  -.491434263778D+00   .719016501041D+00   .250172516840D-02
   .719016501041D+00  -.491434263778D+00  -.491434263778D+00   .250172516840D-02
   .491434263778D+00  -.719016501041D+00  -.491434263778D+00   .250172516840D-02
   .491434263778D+00  -.491434263778D+00  -.719016501041D+00   .250172516840D-02
  -.719016501041D+00   .491434263778D+00   .491434263778D+00   .250172516840D-02
  -.491434263778D+00   .719016501041D+00   .491434263778D+00   .250172516840D-02
  -.491434263778D+00   .491434263778D+00   .719016501041D+00   .250172516840D-02
  -.719016501041D+00   .491434263778D+00  -.491434263778D+00   .250172516840D-02
  -.491434263778D+00   .719016501041D+00  -.491434263778D+00   .250172516840D-02
  -.491434263778D+00   .491434263778D+00  -.719016501041D+00   .250172516840D-02
  -.719016501041D+00  -.491434263778D+00   .491434263778D+00   .250172516840D-02
  -.491434263778D+00  -.719016501041D+00   .491434263778D+00   .250172516840D-02
  -.491434263778D+00  -.491434263778D+00   .719016501041D+00   .250172516840D-02
  -.719016501041D+00  -.491434263778D+00  -.491434263778D+00   .250172516840D-02
  -.491434263778D+00  -.719016501041D+00  -.491434263778D+00   .250172516840D-02
  -.491434263778D+00  -.491434263778D+00  -.719016501041D+00   .250172516840D-02
   .831584400419D+00   .392725976337D+00   .392725976337D+00   .244537343731D-02
   .392725976337D+00   .831584400419D+00   .392725976337D+00   .244537343731D-02
   .392725976337D+00   .392725976337D+00   .831584400419D+00   .244537343731D-02
   .831584400419D+00   .392725976337D+00  -.392725976337D+00   .244537343731D-02
   .392725976337D+00   .831584400419D+00  -.392725976337D+00   .244537343731D-02
   .392725976337D+00   .392725976337D+00  -.831584400419D+00   .244537343731D-02
   .831584400419D+00  -.392725976337D+00   .392725976337D+00   .244537343731D-02
   .392725976337D+00  -.831584400419D+00   .392725976337D+00   .244537343731D-02
   .392725976337D+00  -.392725976337D+00   .831584400419D+00   .244537343731D-02
   .831584400419D+00  -.392725976337D+00  -.392725976337D+00   .244537343731D-02
   .392725976337D+00  -.831584400419D+00  -.392725976337D+00   .244537343731D-02
   .392725976337D+00  -.392725976337D+00  -.831584400419D+00   .244537343731D-02
  -.831584400419D+00   .392725976337D+00   .392725976337D+00   .244537343731D-02
  -.392725976337D+00   .831584400419D+00   .392725976337D+00   .244537343731D-02
  -.392725976337D+00   .392725976337D+00   .831584400419D+00   .244537343731D-02
  -.831584400419D+00   .392725976337D+00  -.392725976337D+00   .244537343731D-02
  -.392725976337D+00   .831584400419D+00  -.392725976337D+00   .244537343731D-02
  -.392725976337D+00   .392725976337D+00  -.831584400419D+00   .244537343731D-02
  -.831584400419D+00  -.392725976337D+00   .392725976337D+00   .244537343731D-02
  -.392725976337D+00  -.831584400419D+00   .392725976337D+00   .244537343731D-02
  -.392725976337D+00  -.392725976337D+00   .831584400419D+00   .244537343731D-02
  -.831584400419D+00  -.392725976337D+00  -.392725976337D+00   .244537343731D-02
  -.392725976337D+00  -.831584400419D+00  -.392725976337D+00   .244537343731D-02
  -.392725976337D+00  -.392725976337D+00  -.831584400419D+00   .244537343731D-02
   .914472801121D+00   .286128901031D+00   .286128901031D+00   .230269478223D-02
   .286128901031D+00   .914472801121D+00   .286128901031D+00   .230269478223D-02
   .286128901031D+00   .286128901031D+00   .914472801121D+00   .230269478223D-02
   .914472801121D+00   .286128901031D+00  -.286128901031D+00   .230269478223D-02
   .286128901031D+00   .914472801121D+00  -.286128901031D+00   .230269478223D-02
   .286128901031D+00   .286128901031D+00  -.914472801121D+00   .230269478223D-02
   .914472801121D+00  -.286128901031D+00   .286128901031D+00   .230269478223D-02
   .286128901031D+00  -.914472801121D+00   .286128901031D+00   .230269478223D-02
   .286128901031D+00  -.286128901031D+00   .914472801121D+00   .230269478223D-02
   .914472801121D+00  -.286128901031D+00  -.286128901031D+00   .230269478223D-02
   .286128901031D+00  -.914472801121D+00  -.286128901031D+00   .230269478223D-02
   .286128901031D+00  -.286128901031D+00  -.914472801121D+00   .230269478223D-02
  -.914472801121D+00   .286128901031D+00   .286128901031D+00   .230269478223D-02
  -.286128901031D+00   .914472801121D+00   .286128901031D+00   .230269478223D-02
  -.286128901031D+00   .286128901031D+00   .914472801121D+00   .230269478223D-02
  -.914472801121D+00   .286128901031D+00  -.286128901031D+00   .230269478223D-02
  -.286128901031D+00   .914472801121D+00  -.286128901031D+00   .230269478223D-02
  -.286128901031D+00   .286128901031D+00  -.914472801121D+00   .230269478223D-02
  -.914472801121D+00  -.286128901031D+00   .286128901031D+00   .230269478223D-02
  -.286128901031D+00  -.914472801121D+00   .286128901031D+00   .230269478223D-02
  -.286128901031D+00  -.286128901031D+00   .914472801121D+00   .230269478223D-02
  -.914472801121D+00  -.286128901031D+00  -.286128901031D+00   .230269478223D-02
  -.286128901031D+00  -.914472801121D+00  -.286128901031D+00   .230269478223D-02
  -.286128901031D+00  -.286128901031D+00  -.914472801121D+00   .230269478223D-02
   .967987158791D+00   .177483605461D+00   .177483605461D+00   .201427902092D-02
   .177483605461D+00   .967987158791D+00   .177483605461D+00   .201427902092D-02
   .177483605461D+00   .177483605461D+00   .967987158791D+00   .201427902092D-02
   .967987158791D+00   .177483605461D+00  -.177483605461D+00   .201427902092D-02
   .177483605461D+00   .967987158791D+00  -.177483605461D+00   .201427902092D-02
   .177483605461D+00   .177483605461D+00  -.967987158791D+00   .201427902092D-02
   .967987158791D+00  -.177483605461D+00   .177483605461D+00   .201427902092D-02
   .177483605461D+00  -.967987158791D+00   .177483605461D+00   .201427902092D-02
   .177483605461D+00  -.177483605461D+00   .967987158791D+00   .201427902092D-02
   .967987158791D+00  -.177483605461D+00  -.177483605461D+00   .201427902092D-02
   .177483605461D+00  -.967987158791D+00  -.177483605461D+00   .201427902092D-02
   .177483605461D+00  -.177483605461D+00  -.967987158791D+00   .201427902092D-02
  -.967987158791D+00   .177483605461D+00   .177483605461D+00   .201427902092D-02
  -.177483605461D+00   .967987158791D+00   .177483605461D+00   .201427902092D-02
  -.177483605461D+00   .177483605461D+00   .967987158791D+00   .201427902092D-02
  -.967987158791D+00   .177483605461D+00  -.177483605461D+00   .201427902092D-02
  -.177483605461D+00   .967987158791D+00  -.177483605461D+00   .201427902092D-02
  -.177483605461D+00   .177483605461D+00  -.967987158791D+00   .201427902092D-02
  -.967987158791D+00  -.177483605461D+00   .177483605461D+00   .201427902092D-02
  -.177483605461D+00  -.967987158791D+00   .177483605461D+00   .201427902092D-02
  -.177483605461D+00  -.177483605461D+00   .967987158791D+00   .201427902092D-02
  -.967987158791D+00  -.177483605461D+00  -.177483605461D+00   .201427902092D-02
  -.177483605461D+00  -.967987158791D+00  -.177483605461D+00   .201427902092D-02
  -.177483605461D+00  -.177483605461D+00  -.967987158791D+00   .201427902092D-02
   .994255912631D+00   .756808436718D-01   .756808436718D-01   .146249562159D-02
   .756808436718D-01   .994255912631D+00   .756808436718D-01   .146249562159D-02
   .756808436718D-01   .756808436718D-01   .994255912631D+00   .146249562159D-02
   .994255912631D+00   .756808436718D-01  -.756808436718D-01   .146249562159D-02
   .756808436718D-01   .994255912631D+00  -.756808436718D-01   .146249562159D-02
   .756808436718D-01   .756808436718D-01  -.994255912631D+00   .146249562159D-02
   .994255912631D+00  -.756808436718D-01   .756808436718D-01   .146249562159D-02
   .756808436718D-01  -.994255912631D+00   .756808436718D-01   .146249562159D-02
   .756808436718D-01  -.756808436718D-01   .994255912631D+00   .146249562159D-02
   .994255912631D+00  -.756808436718D-01  -.756808436718D-01   .146249562159D-02
   .756808436718D-01  -.994255912631D+00  -.756808436718D-01   .146249562159D-02
   .756808436718D-01  -.756808436718D-01  -.994255912631D+00   .146249562159D-02
  -.994255912631D+00   .756808436718D-01   .756808436718D-01   .146249562159D-02
  -.756808436718D-01   .994255912631D+00   .756808436718D-01   .146249562159D-02
  -.756808436718D-01   .756808436718D-01   .994255912631D+00   .146249562159D-02
  -.994255912631D+00   .756808436718D-01  -.756808436718D-01   .146249562159D-02
  -.756808436718D-01   .994255912631D+00  -.756808436718D-01   .146249562159D-02
  -.756808436718D-01   .756808436718D-01  -.994255912631D+00   .146249562159D-02
  -.994255912631D+00  -.756808436718D-01   .756808436718D-01   .146249562159D-02
  -.756808436718D-01  -.994255912631D+00   .756808436718D-01   .146249562159D-02
  -.756808436718D-01  -.756808436718D-01   .994255912631D+00   .146249562159D-02
  -.994255912631D+00  -.756808436718D-01  -.756808436718D-01   .146249562159D-02
  -.756808436718D-01  -.994255912631D+00  -.756808436718D-01   .146249562159D-02
  -.756808436718D-01  -.756808436718D-01  -.994255912631D+00   .146249562159D-02
   .000000000000D+00   .210272522857D+00   .977642811118D+00   .191095128218D-02
   .977642811118D+00   .000000000000D+00   .210272522857D+00   .191095128218D-02
   .210272522857D+00   .977642811118D+00   .000000000000D+00   .191095128218D-02
   .000000000000D+00   .977642811118D+00   .210272522857D+00   .191095128218D-02
   .210272522857D+00   .000000000000D+00   .977642811118D+00   .191095128218D-02
   .977642811118D+00   .210272522857D+00   .000000000000D+00   .191095128218D-02
   .000000000000D+00   .210272522857D+00  -.977642811118D+00   .191095128218D-02
  -.977642811118D+00   .000000000000D+00   .210272522857D+00   .191095128218D-02
   .210272522857D+00  -.977642811118D+00   .000000000000D+00   .191095128218D-02
   .000000000000D+00  -.977642811118D+00   .210272522857D+00   .191095128218D-02
   .210272522857D+00   .000000000000D+00  -.977642811118D+00   .191095128218D-02
  -.977642811118D+00   .210272522857D+00   .000000000000D+00   .191095128218D-02
   .000000000000D+00  -.210272522857D+00   .977642811118D+00   .191095128218D-02
   .977642811118D+00   .000000000000D+00  -.210272522857D+00   .191095128218D-02
  -.210272522857D+00   .977642811118D+00   .000000000000D+00   .191095128218D-02
   .000000000000D+00   .977642811118D+00  -.210272522857D+00   .191095128218D-02
  -.210272522857D+00   .000000000000D+00   .977642811118D+00   .191095128218D-02
   .977642811118D+00  -.210272522857D+00   .000000000000D+00   .191095128218D-02
   .000000000000D+00  -.210272522857D+00  -.977642811118D+00   .191095128218D-02
  -.977642811118D+00   .000000000000D+00  -.210272522857D+00   .191095128218D-02
  -.210272522857D+00  -.977642811118D+00   .000000000000D+00   .191095128218D-02
   .000000000000D+00  -.977642811118D+00  -.210272522857D+00   .191095128218D-02
  -.210272522857D+00   .000000000000D+00  -.977642811118D+00   .191095128218D-02
  -.977642811118D+00  -.210272522857D+00   .000000000000D+00   .191095128218D-02
   .000000000000D+00   .471598691151D+00   .881813287779D+00   .241744237564D-02
   .881813287779D+00   .000000000000D+00   .471598691151D+00   .241744237564D-02
   .471598691151D+00   .881813287779D+00   .000000000000D+00   .241744237564D-02
   .000000000000D+00   .881813287779D+00   .471598691151D+00   .241744237564D-02
   .471598691151D+00   .000000000000D+00   .881813287779D+00   .241744237564D-02
   .881813287779D+00   .471598691151D+00   .000000000000D+00   .241744237564D-02
   .000000000000D+00   .471598691151D+00  -.881813287779D+00   .241744237564D-02
  -.881813287779D+00   .000000000000D+00   .471598691151D+00   .241744237564D-02
   .471598691151D+00  -.881813287779D+00   .000000000000D+00   .241744237564D-02
   .000000000000D+00  -.881813287779D+00   .471598691151D+00   .241744237564D-02
   .471598691151D+00   .000000000000D+00  -.881813287779D+00   .241744237564D-02
  -.881813287779D+00   .471598691151D+00   .000000000000D+00   .241744237564D-02
   .000000000000D+00  -.471598691151D+00   .881813287779D+00   .241744237564D-02
   .881813287779D+00   .000000000000D+00  -.471598691151D+00   .241744237564D-02
  -.471598691151D+00   .881813287779D+00   .000000000000D+00   .241744237564D-02
   .000000000000D+00   .881813287779D+00  -.471598691151D+00   .241744237564D-02
  -.471598691151D+00   .000000000000D+00   .881813287779D+00   .241744237564D-02
   .881813287779D+00  -.471598691151D+00   .000000000000D+00   .241744237564D-02
   .000000000000D+00  -.471598691151D+00  -.881813287779D+00   .241744237564D-02
  -.881813287779D+00   .000000000000D+00  -.471598691151D+00   .241744237564D-02
  -.471598691151D+00  -.881813287779D+00   .000000000000D+00   .241744237564D-02
   .000000000000D+00  -.881813287779D+00  -.471598691151D+00   .241744237564D-02
  -.471598691151D+00   .000000000000D+00  -.881813287779D+00   .241744237564D-02
  -.881813287779D+00  -.471598691151D+00   .000000000000D+00   .241744237564D-02
   .992176963643D-01   .334436314534D+00   .937180985855D+00   .223660776044D-02
   .992176963643D-01   .937180985855D+00   .334436314534D+00   .223660776044D-02
   .937180985855D+00   .992176963643D-01   .334436314534D+00   .223660776044D-02
   .334436314534D+00   .992176963643D-01   .937180985855D+00   .223660776044D-02
   .334436314534D+00   .937180985855D+00   .992176963643D-01   .223660776044D-02
   .937180985855D+00   .334436314534D+00   .992176963643D-01   .223660776044D-02
   .992176963643D-01   .334436314534D+00  -.937180985855D+00   .223660776044D-02
   .992176963643D-01  -.937180985855D+00   .334436314534D+00   .223660776044D-02
  -.937180985855D+00   .992176963643D-01   .334436314534D+00   .223660776044D-02
   .334436314534D+00   .992176963643D-01  -.937180985855D+00   .223660776044D-02
   .334436314534D+00  -.937180985855D+00   .992176963643D-01   .223660776044D-02
  -.937180985855D+00   .334436314534D+00   .992176963643D-01   .223660776044D-02
   .992176963643D-01  -.334436314534D+00   .937180985855D+00   .223660776044D-02
   .992176963643D-01   .937180985855D+00  -.334436314534D+00   .223660776044D-02
   .937180985855D+00   .992176963643D-01  -.334436314534D+00   .223660776044D-02
  -.334436314534D+00   .992176963643D-01   .937180985855D+00   .223660776044D-02
  -.334436314534D+00   .937180985855D+00   .992176963643D-01   .223660776044D-02
   .937180985855D+00  -.334436314534D+00   .992176963643D-01   .223660776044D-02
   .992176963643D-01  -.334436314534D+00  -.937180985855D+00   .223660776044D-02
   .992176963643D-01  -.937180985855D+00  -.334436314534D+00   .223660776044D-02
  -.937180985855D+00   .992176963643D-01  -.334436314534D+00   .223660776044D-02
  -.334436314534D+00   .992176963643D-01  -.937180985855D+00   .223660776044D-02
  -.334436314534D+00  -.937180985855D+00   .992176963643D-01   .223660776044D-02
  -.937180985855D+00  -.334436314534D+00   .992176963643D-01   .223660776044D-02
  -.992176963643D-01   .334436314534D+00   .937180985855D+00   .223660776044D-02
  -.992176963643D-01   .937180985855D+00   .334436314534D+00   .223660776044D-02
   .937180985855D+00  -.992176963643D-01   .334436314534D+00   .223660776044D-02
   .334436314534D+00  -.992176963643D-01   .937180985855D+00   .223660776044D-02
   .334436314534D+00   .937180985855D+00  -.992176963643D-01   .223660776044D-02
   .937180985855D+00   .334436314534D+00  -.992176963643D-01   .223660776044D-02
  -.992176963643D-01   .334436314534D+00  -.937180985855D+00   .223660776044D-02
  -.992176963643D-01  -.937180985855D+00   .334436314534D+00   .223660776044D-02
  -.937180985855D+00  -.992176963643D-01   .334436314534D+00   .223660776044D-02
   .334436314534D+00  -.992176963643D-01  -.937180985855D+00   .223660776044D-02
   .334436314534D+00  -.937180985855D+00  -.992176963643D-01   .223660776044D-02
  -.937180985855D+00   .334436314534D+00  -.992176963643D-01   .223660776044D-02
  -.992176963643D-01  -.334436314534D+00   .937180985855D+00   .223660776044D-02
  -.992176963643D-01   .937180985855D+00  -.334436314534D+00   .223660776044D-02
   .937180985855D+00  -.992176963643D-01  -.334436314534D+00   .223660776044D-02
  -.334436314534D+00  -.992176963643D-01   .937180985855D+00   .223660776044D-02
  -.334436314534D+00   .937180985855D+00  -.992176963643D-01   .223660776044D-02
   .937180985855D+00  -.334436314534D+00  -.992176963643D-01   .223660776044D-02
  -.992176963643D-01  -.334436314534D+00  -.937180985855D+00   .223660776044D-02
  -.992176963643D-01  -.937180985855D+00  -.334436314534D+00   .223660776044D-02
  -.937180985855D+00  -.992176963643D-01  -.334436314534D+00   .223660776044D-02
  -.334436314534D+00  -.992176963643D-01  -.937180985855D+00   .223660776044D-02
  -.334436314534D+00  -.937180985855D+00  -.992176963643D-01   .223660776044D-02
  -.937180985855D+00  -.334436314534D+00  -.992176963643D-01   .223660776044D-02
   .205482369640D+00   .450233038258D+00   .868946032287D+00   .241693004432D-02
   .205482369640D+00   .868946032287D+00   .450233038258D+00   .241693004432D-02
   .868946032287D+00   .205482369640D+00   .450233038258D+00   .241693004432D-02
   .450233038258D+00   .205482369640D+00   .868946032287D+00   .241693004432D-02
   .450233038258D+00   .868946032287D+00   .205482369640D+00   .241693004432D-02
   .868946032287D+00   .450233038258D+00   .205482369640D+00   .241693004432D-02
   .205482369640D+00   .450233038258D+00  -.868946032287D+00   .241693004432D-02
   .205482369640D+00  -.868946032287D+00   .450233038258D+00   .241693004432D-02
  -.868946032287D+00   .205482369640D+00   .450233038258D+00   .241693004432D-02
   .450233038258D+00   .205482369640D+00  -.868946032287D+00   .241693004432D-02
   .450233038258D+00  -.868946032287D+00   .205482369640D+00   .241693004432D-02
  -.868946032287D+00   .450233038258D+00   .205482369640D+00   .241693004432D-02
   .205482369640D+00  -.450233038258D+00   .868946032287D+00   .241693004432D-02
   .205482369640D+00   .868946032287D+00  -.450233038258D+00   .241693004432D-02
   .868946032287D+00   .205482369640D+00  -.450233038258D+00   .241693004432D-02
  -.450233038258D+00   .205482369640D+00   .868946032287D+00   .241693004432D-02
  -.450233038258D+00   .868946032287D+00   .205482369640D+00   .241693004432D-02
   .868946032287D+00  -.450233038258D+00   .205482369640D+00   .241693004432D-02
   .205482369640D+00  -.450233038258D+00  -.868946032287D+00   .241693004432D-02
   .205482369640D+00  -.868946032287D+00  -.450233038258D+00   .241693004432D-02
  -.868946032287D+00   .205482369640D+00  -.450233038258D+00   .241693004432D-02
  -.450233038258D+00   .205482369640D+00  -.868946032287D+00   .241693004432D-02
  -.450233038258D+00  -.868946032287D+00   .205482369640D+00   .241693004432D-02
  -.868946032287D+00  -.450233038258D+00   .205482369640D+00   .241693004432D-02
  -.205482369640D+00   .450233038258D+00   .868946032287D+00   .241693004432D-02
  -.205482369640D+00   .868946032287D+00   .450233038258D+00   .241693004432D-02
   .868946032287D+00  -.205482369640D+00   .450233038258D+00   .241693004432D-02
   .450233038258D+00  -.205482369640D+00   .868946032287D+00   .241693004432D-02
   .450233038258D+00   .868946032287D+00  -.205482369640D+00   .241693004432D-02
   .868946032287D+00   .450233038258D+00  -.205482369640D+00   .241693004432D-02
  -.205482369640D+00   .450233038258D+00  -.868946032287D+00   .241693004432D-02
  -.205482369640D+00  -.868946032287D+00   .450233038258D+00   .241693004432D-02
  -.868946032287D+00  -.205482369640D+00   .450233038258D+00   .241693004432D-02
   .450233038258D+00  -.205482369640D+00  -.868946032287D+00   .241693004432D-02
   .450233038258D+00  -.868946032287D+00  -.205482369640D+00   .241693004432D-02
  -.868946032287D+00   .450233038258D+00  -.205482369640D+00   .241693004432D-02
  -.205482369640D+00  -.450233038258D+00   .868946032287D+00   .241693004432D-02
  -.205482369640D+00   .868946032287D+00  -.450233038258D+00   .241693004432D-02
   .868946032287D+00  -.205482369640D+00  -.450233038258D+00   .241693004432D-02
  -.450233038258D+00  -.205482369640D+00   .868946032287D+00   .241693004432D-02
  -.450233038258D+00   .868946032287D+00  -.205482369640D+00   .241693004432D-02
   .868946032287D+00  -.450233038258D+00  -.205482369640D+00   .241693004432D-02
  -.205482369640D+00  -.450233038258D+00  -.868946032287D+00   .241693004432D-02
  -.205482369640D+00  -.868946032287D+00  -.450233038258D+00   .241693004432D-02
  -.868946032287D+00  -.205482369640D+00  -.450233038258D+00   .241693004432D-02
  -.450233038258D+00  -.205482369640D+00  -.868946032287D+00   .241693004432D-02
  -.450233038258D+00  -.868946032287D+00  -.205482369640D+00   .241693004432D-02
  -.868946032287D+00  -.450233038258D+00  -.205482369640D+00   .241693004432D-02
   .310428403517D+00   .555015236108D+00   .771746262692D+00   .249664405455D-02
   .310428403517D+00   .771746262692D+00   .555015236108D+00   .249664405455D-02
   .771746262692D+00   .310428403517D+00   .555015236108D+00   .249664405455D-02
   .555015236108D+00   .310428403517D+00   .771746262692D+00   .249664405455D-02
   .555015236108D+00   .771746262692D+00   .310428403517D+00   .249664405455D-02
   .771746262692D+00   .555015236108D+00   .310428403517D+00   .249664405455D-02
   .310428403517D+00   .555015236108D+00  -.771746262692D+00   .249664405455D-02
   .310428403517D+00  -.771746262692D+00   .555015236108D+00   .249664405455D-02
  -.771746262692D+00   .310428403517D+00   .555015236108D+00   .249664405455D-02
   .555015236108D+00   .310428403517D+00  -.771746262692D+00   .249664405455D-02
   .555015236108D+00  -.771746262692D+00   .310428403517D+00   .249664405455D-02
  -.771746262692D+00   .555015236108D+00   .310428403517D+00   .249664405455D-02
   .310428403517D+00  -.555015236108D+00   .771746262692D+00   .249664405455D-02
   .310428403517D+00   .771746262692D+00  -.555015236108D+00   .249664405455D-02
   .771746262692D+00   .310428403517D+00  -.555015236108D+00   .249664405455D-02
  -.555015236108D+00   .310428403517D+00   .771746262692D+00   .249664405455D-02
  -.555015236108D+00   .771746262692D+00   .310428403517D+00   .249664405455D-02
   .771746262692D+00  -.555015236108D+00   .310428403517D+00   .249664405455D-02
   .310428403517D+00  -.555015236108D+00  -.771746262692D+00   .249664405455D-02
   .310428403517D+00  -.771746262692D+00  -.555015236108D+00   .249664405455D-02
  -.771746262692D+00   .310428403517D+00  -.555015236108D+00   .249664405455D-02
  -.555015236108D+00   .310428403517D+00  -.771746262692D+00   .249664405455D-02
  -.555015236108D+00  -.771746262692D+00   .310428403517D+00   .249664405455D-02
  -.771746262692D+00  -.555015236108D+00   .310428403517D+00   .249664405455D-02
  -.310428403517D+00   .555015236108D+00   .771746262692D+00   .249664405455D-02
  -.310428403517D+00   .771746262692D+00   .555015236108D+00   .249664405455D-02
   .771746262692D+00  -.310428403517D+00   .555015236108D+00   .249664405455D-02
   .555015236108D+00  -.310428403517D+00   .771746262692D+00   .249664405455D-02
   .555015236108D+00   .771746262692D+00  -.310428403517D+00   .249664405455D-02
   .771746262692D+00   .555015236108D+00  -.310428403517D+00   .249664405455D-02
  -.310428403517D+00   .555015236108D+00  -.771746262692D+00   .249664405455D-02
  -.310428403517D+00  -.771746262692D+00   .555015236108D+00   .249664405455D-02
  -.771746262692D+00  -.310428403517D+00   .555015236108D+00   .249664405455D-02
   .555015236108D+00  -.310428403517D+00  -.771746262692D+00   .249664405455D-02
   .555015236108D+00  -.771746262692D+00  -.310428403517D+00   .249664405455D-02
  -.771746262692D+00   .555015236108D+00  -.310428403517D+00   .249664405455D-02
  -.310428403517D+00  -.555015236108D+00   .771746262692D+00   .249664405455D-02
  -.310428403517D+00   .771746262692D+00  -.555015236108D+00   .249664405455D-02
   .771746262692D+00  -.310428403517D+00  -.555015236108D+00   .249664405455D-02
  -.555015236108D+00  -.310428403517D+00   .771746262692D+00   .249664405455D-02
  -.555015236108D+00   .771746262692D+00  -.310428403517D+00   .249664405455D-02
   .771746262692D+00  -.555015236108D+00  -.310428403517D+00   .249664405455D-02
  -.310428403517D+00  -.555015236108D+00  -.771746262692D+00   .249664405455D-02
  -.310428403517D+00  -.771746262692D+00  -.555015236108D+00   .249664405455D-02
  -.771746262692D+00  -.310428403517D+00  -.555015236108D+00   .249664405455D-02
  -.555015236108D+00  -.310428403517D+00  -.771746262692D+00   .249664405455D-02
  -.555015236108D+00  -.771746262692D+00  -.310428403517D+00   .249664405455D-02
  -.771746262692D+00  -.555015236108D+00  -.310428403517D+00   .249664405455D-02
   .106801826076D+00   .590515704893D+00   .799927854386D+00   .251223685456D-02
   .106801826076D+00   .799927854386D+00   .590515704893D+00   .251223685456D-02
   .799927854386D+00   .106801826076D+00   .590515704893D+00   .251223685456D-02
   .590515704893D+00   .106801826076D+00   .799927854386D+00   .251223685456D-02
   .590515704893D+00   .799927854386D+00   .106801826076D+00   .251223685456D-02
   .799927854386D+00   .590515704893D+00   .106801826076D+00   .251223685456D-02
   .106801826076D+00   .590515704893D+00  -.799927854386D+00   .251223685456D-02
   .106801826076D+00  -.799927854386D+00   .590515704893D+00   .251223685456D-02
  -.799927854386D+00   .106801826076D+00   .590515704893D+00   .251223685456D-02
   .590515704893D+00   .106801826076D+00  -.799927854386D+00   .251223685456D-02
   .590515704893D+00  -.799927854386D+00   .106801826076D+00   .251223685456D-02
  -.799927854386D+00   .590515704893D+00   .106801826076D+00   .251223685456D-02
   .106801826076D+00  -.590515704893D+00   .799927854386D+00   .251223685456D-02
   .106801826076D+00   .799927854386D+00  -.590515704893D+00   .251223685456D-02
   .799927854386D+00   .106801826076D+00  -.590515704893D+00   .251223685456D-02
  -.590515704893D+00   .106801826076D+00   .799927854386D+00   .251223685456D-02
  -.590515704893D+00   .799927854386D+00   .106801826076D+00   .251223685456D-02
   .799927854386D+00  -.590515704893D+00   .106801826076D+00   .251223685456D-02
   .106801826076D+00  -.590515704893D+00  -.799927854386D+00   .251223685456D-02
   .106801826076D+00  -.799927854386D+00  -.590515704893D+00   .251223685456D-02
  -.799927854386D+00   .106801826076D+00  -.590515704893D+00   .251223685456D-02
  -.590515704893D+00   .106801826076D+00  -.799927854386D+00   .251223685456D-02
  -.590515704893D+00  -.799927854386D+00   .106801826076D+00   .251223685456D-02
  -.799927854386D+00  -.590515704893D+00   .106801826076D+00   .251223685456D-02
  -.106801826076D+00   .590515704893D+00   .799927854386D+00   .251223685456D-02
  -.106801826076D+00   .799927854386D+00   .590515704893D+00   .251223685456D-02
   .799927854386D+00  -.106801826076D+00   .590515704893D+00   .251223685456D-02
   .590515704893D+00  -.106801826076D+00   .799927854386D+00   .251223685456D-02
   .590515704893D+00   .799927854386D+00  -.106801826076D+00   .251223685456D-02
   .799927854386D+00   .590515704893D+00  -.106801826076D+00   .251223685456D-02
  -.106801826076D+00   .590515704893D+00  -.799927854386D+00   .251223685456D-02
  -.106801826076D+00  -.799927854386D+00   .590515704893D+00   .251223685456D-02
  -.799927854386D+00  -.106801826076D+00   .590515704893D+00   .251223685456D-02
   .590515704893D+00  -.106801826076D+00  -.799927854386D+00   .251223685456D-02
   .590515704893D+00  -.799927854386D+00  -.106801826076D+00   .251223685456D-02
  -.799927854386D+00   .590515704893D+00  -.106801826076D+00   .251223685456D-02
  -.106801826076D+00  -.590515704893D+00   .799927854386D+00   .251223685456D-02
  -.106801826076D+00   .799927854386D+00  -.590515704893D+00   .251223685456D-02
   .799927854386D+00  -.106801826076D+00  -.590515704893D+00   .251223685456D-02
  -.590515704893D+00  -.106801826076D+00   .799927854386D+00   .251223685456D-02
  -.590515704893D+00   .799927854386D+00  -.106801826076D+00   .251223685456D-02
   .799927854386D+00  -.590515704893D+00  -.106801826076D+00   .251223685456D-02
  -.106801826076D+00  -.590515704893D+00  -.799927854386D+00   .251223685456D-02
  -.106801826076D+00  -.799927854386D+00  -.590515704893D+00   .251223685456D-02
  -.799927854386D+00  -.106801826076D+00  -.590515704893D+00   .251223685456D-02
  -.590515704893D+00  -.106801826076D+00  -.799927854386D+00   .251223685456D-02
  -.590515704893D+00  -.799927854386D+00  -.106801826076D+00   .251223685456D-02
  -.799927854386D+00  -.590515704893D+00  -.106801826076D+00   .251223685456D-02
