    1    1    1  0.000000  0.000000  0.000000    1    1
    2    2    1  0.500000  0.500000  0.000000    1    1
    3    3    1  0.500000  0.000000  0.500000    1    1
    4    7    1  0.500000 -0.500000  0.000000    1    1
    5    9    1  1.000000  0.000000  0.000000    1    1
    6   11    1  0.000000 -0.500000  0.500000    1    1
    7   15    1  1.000000  0.500000  0.500000    1    1
    8   19    1 -0.500000 -0.500000  0.000000    1    1
    9   20    1  0.000000  0.000000  1.000000    1    1
   10   22    1  0.500000  0.500000  1.000000    1    1
   11   24    1  1.000000  1.000000  0.000000    1    1
   12   25    1  1.000000 -0.500000  0.500000    1    1
   13   29    1  0.000000 -1.000000  0.000000    1    1
   14   31    1  0.500000 -0.500000  1.000000    1    1
   15   35    1  1.000000  0.000000  1.000000    1    1
   16   39    1  1.500000  0.500000  0.000000    1    1
   17   41    1  0.500000 -1.000000  0.500000    1    1
   18   45    1  1.500000  0.000000  0.500000    1    1
   19   49    1 -0.500000 -0.500000  1.000000    1    1
   20   51    1  1.000000 -1.000000  0.000000    1    1
   21   53    1  1.500000 -0.500000  0.000000    1    1
   22   55    1  1.000000  1.000000  1.000000    1    1
   23   57    1 -0.500000 -1.000000  0.500000    1    1
   24   61    1  0.500000  0.000000  1.500000    1    1
   25   65    1  1.500000  1.000000  0.500000    1    1
   26   69    1  0.000000 -1.000000  1.000000    1    1
   27   73    1  1.500000  0.500000  1.000000    1    1
   28   77    1  0.000000 -0.500000  1.500000    1    1
   29   81    1  1.000000  0.500000  1.500000    1    1
   30   85    1 -1.000000 -1.000000  0.000000    1    1
   31   86    1  0.500000 -1.500000  0.000000    1    1
   32   88    1  2.000000  0.000000  0.000000    1    1
   33   90    1  1.500000  1.500000  0.000000    1    1
   34   91    1  0.000000 -1.500000  0.500000    1    1
   35   95    1  2.000000  0.500000  0.500000    1    1
   36   99    1 -0.500000 -1.500000  0.000000    1    1
   37  101    1  2.000000  1.000000  0.000000    1    1
   38   49    2 -1.000000 -1.000000  1.000000    1    1
   39   57    2 -1.000000 -1.500000  0.500000    1    1
   40   69    2 -0.500000 -1.500000  1.000000    1    1
   41   77    2 -0.500000 -1.000000  1.500000    1    1
   42   85    2 -1.500000 -1.500000  0.000000    1    1
   43   86    2  0.000000 -2.000000  0.000000    1    1
   44   91    2 -0.500000 -2.000000  0.500000    1    1
   45   99    2 -1.000000 -2.000000  0.000000    1    1
   46   28    3 -1.000000  1.000000 -1.000000    1    1
   47   34    3 -1.000000  0.500000 -1.500000    1    1
   48   38    3 -0.500000  1.000000 -1.500000    1    1
   49   44    3 -1.500000  0.500000 -1.000000    1    1
   50   48    3 -0.500000  1.500000 -1.000000    1    1
   51   52    3 -1.500000  1.000000 -0.500000    1    1
   52   54    3 -1.000000  1.500000 -0.500000    1    1
   53   63    3  0.000000  0.000000 -2.000000    1    1
   54   64    3 -0.500000  0.500000 -2.000000    1    1
   55   72    3 -1.500000  0.000000 -1.500000    1    1
   56   76    3  0.000000  1.500000 -1.500000    1    1
   57   79    3 -0.500000 -0.500000 -2.000000    1    1
   58   80    3 -1.000000  0.000000 -2.000000    1    1
   59   83    3  0.500000  0.500000 -2.000000    1    1
   60   84    3  0.000000  1.000000 -2.000000    1    1
   61   87    3 -2.000000  0.500000 -0.500000    1    1
   62   89    3 -0.500000  2.000000 -0.500000    1    1
   63   94    3 -2.000000  0.000000 -1.000000    1    1
   64   98    3  0.000000  2.000000 -1.000000    1    1
   65   52    7 -1.500000  1.500000  0.000000    1    1
   66   54    7 -1.000000  2.000000  0.000000    1    1
   67   87    7 -2.000000  1.000000  0.000000    1    1
   68   89    7 -0.500000  2.500000  0.000000    1    1
   69   96    7  0.000000  2.500000  0.500000    1    1
   70  102    7  0.500000  2.500000  0.000000    1    1
   71   87    9 -2.500000  0.500000  0.000000    1    1
   72   92    9 -2.500000  0.000000  0.500000    1    1
   73  100    9 -2.500000 -0.500000  0.000000    1    1
   74   56   11  1.000000  1.500000 -1.500000    1    1
   75   67   11  1.500000  1.500000 -1.000000    1    1
   76   68   11  1.000000  2.000000 -1.000000    1    1
   77   76   11  0.500000  2.000000 -1.500000    1    1
   78   83   11  1.000000  1.000000 -2.000000    1    1
   79   84   11  0.500000  1.500000 -2.000000    1    1
   80   90   11  1.500000  2.000000 -0.500000    1    1
   81   98   11  0.500000  2.500000 -1.000000    1    1
   82  102   11  1.000000  2.500000 -0.500000    1    1
   83   50   15 -1.500000 -1.000000 -1.500000    1    1
   84   59   15 -1.500000 -1.500000 -1.000000    1    1
   85   60   15 -2.000000 -1.000000 -1.000000    1    1
   86   72   15 -2.000000 -0.500000 -1.500000    1    1
   87   79   15 -1.000000 -1.000000 -2.000000    1    1
   88   80   15 -1.500000 -0.500000 -2.000000    1    1
   89   85   15 -2.000000 -1.500000 -0.500000    1    1
   90   94   15 -2.500000 -0.500000 -1.000000    1    1
   91  100   15 -2.500000 -1.000000 -0.500000    1    1
   92   90   19  2.000000  2.000000  0.000000    1    1
   93  101   19  2.500000  1.500000  0.000000    1    1
   94   63   20  0.500000  0.000000 -2.500000    1    1
   95   79   20  0.000000 -0.500000 -2.500000    1    1
   96   83   20  1.000000  0.500000 -2.500000    1    1
   97   79   22 -0.500000 -1.000000 -2.500000    1    1
   98   85   24 -2.000000 -2.000000  0.000000    1    1
   99   99   24 -1.500000 -2.500000  0.000000    1    1
  100   28   25 -1.500000  1.500000 -1.000000    1    1
  101   34   25 -1.500000  1.000000 -1.500000    1    1
  102   38   25 -1.000000  1.500000 -1.500000    1    1
  103   44   25 -2.000000  1.000000 -1.000000    1    1
  104   48   25 -1.000000  2.000000 -1.000000    1    1
  105   52   25 -2.000000  1.500000 -0.500000    1    1
  106   54   25 -1.500000  2.000000 -0.500000    1    1
  107   64   25 -1.000000  1.000000 -2.000000    1    1
  108   72   25 -2.000000  0.500000 -1.500000    1    1
  109   76   25 -0.500000  2.000000 -1.500000    1    1
  110   80   25 -1.500000  0.500000 -2.000000    1    1
  111   84   25 -0.500000  1.500000 -2.000000    1    1
  112   87   25 -2.500000  1.000000 -0.500000    1    1
  113   89   25 -1.000000  2.500000 -0.500000    1    1
  114   94   25 -2.500000  0.500000 -1.000000    1    1
  115   98   25 -0.500000  2.500000 -1.000000    1    1
  116   89   29  0.000000  3.000000  0.000000    1    1
  117   96   29  0.500000  3.000000  0.500000    1    1
  118  102   29  1.000000  3.000000  0.000000    1    1
  119   64   31 -0.500000  1.000000 -2.500000    1    1
  120   76   31  0.000000  2.000000 -2.000000    1    1
  121   80   31 -1.000000  0.500000 -2.500000    1    1
  122   84   31  0.000000  1.500000 -2.500000    1    1
  123   98   31  0.000000  2.500000 -1.500000    1    1
  124   72   35 -2.000000  0.000000 -2.000000    1    1
  125   80   35 -1.500000  0.000000 -2.500000    1    1
  126   94   35 -2.500000  0.000000 -1.500000    1    1
  127   87   39 -3.000000  0.000000  0.000000    1    1
  128   92   39 -3.000000 -0.500000  0.500000    1    1
  129  100   39 -3.000000 -1.000000  0.000000    1    1
  130   89   41 -0.500000  3.000000 -0.500000    1    1
  131   98   41  0.000000  3.000000 -1.000000    1    1
  132   87   45 -3.000000  0.500000 -0.500000    1    1
  133   94   45 -3.000000  0.000000 -1.000000    1    1
  134   56   49  1.500000  1.500000 -2.000000    1    1
  135   67   49  2.000000  1.500000 -1.500000    1    1
  136   75   49  2.000000  1.000000 -2.000000    1    1
  137   83   49  1.500000  1.000000 -2.500000    1    1
  138   90   49  2.000000  2.000000 -1.000000    1    1
  139   97   49  2.500000  1.000000 -1.500000    1    1
  140  101   49  2.500000  1.500000 -1.000000    1    1
  141   52   51 -2.000000  2.000000  0.000000    1    1
  142   54   51 -1.500000  2.500000  0.000000    1    1
  143   87   51 -2.500000  1.500000  0.000000    1    1
  144   89   51 -1.000000  3.000000  0.000000    1    1
  145   87   53 -3.000000  1.000000  0.000000    1    1
  146   50   55 -1.500000 -1.500000 -2.000000    1    1
  147   59   55 -1.500000 -2.000000 -1.500000    1    1
  148   71   55 -1.000000 -2.000000 -2.000000    1    1
  149   79   55 -1.000000 -1.500000 -2.500000    1    1
  150   85   55 -2.000000 -2.000000 -1.000000    1    1
  151   93   55 -1.000000 -2.500000 -1.500000    1    1
  152   99   55 -1.500000 -2.500000 -1.000000    1    1
  153   90   57  2.000000  2.500000 -0.500000    1    1
  154   98   57  1.000000  3.000000 -1.000000    1    1
  155  102   57  1.500000  3.000000 -0.500000    1    1
  156   63   61  0.000000  0.000000 -3.000000    1    1
  157   64   61 -0.500000  0.500000 -3.000000    1    1
  158   79   61 -0.500000 -0.500000 -3.000000    1    1
  159   80   61 -1.000000  0.000000 -3.000000    1    1
  160   83   61  0.500000  0.500000 -3.000000    1    1
  161   84   61  0.000000  1.000000 -3.000000    1    1
  162   85   65 -2.500000 -2.000000 -0.500000    1    1
  163   94   65 -3.000000 -1.000000 -1.000000    1    1
  164  100   65 -3.000000 -1.500000 -0.500000    1    1
  165   76   69  0.500000  2.500000 -2.000000    1    1
  166   84   69  0.500000  2.000000 -2.500000    1    1
  167   98   69  0.500000  3.000000 -1.500000    1    1
  168   72   73 -2.500000 -0.500000 -2.000000    1    1
  169   80   73 -2.000000 -0.500000 -2.500000    1    1
  170   94   73 -3.000000 -0.500000 -1.500000    1    1
  171   83   77  1.000000  1.000000 -3.000000    1    1
  172   84   77  0.500000  1.500000 -3.000000    1    1
  173   79   81 -1.000000 -1.000000 -3.000000    1    1
  174   80   81 -1.500000 -0.500000 -3.000000    1    1
  175   90   85  2.500000  2.500000  0.000000    1    1
  176  101   85  3.000000  2.000000  0.000000    1    1
  177   89   86 -0.500000  3.500000  0.000000    1    1
  178   96   86  0.000000  3.500000  0.500000    1    1
  179  102   86  0.500000  3.500000  0.000000    1    1
  180   87   88 -3.500000  0.500000  0.000000    1    1
  181   92   88 -3.500000  0.000000  0.500000    1    1
  182  100   88 -3.500000 -0.500000  0.000000    1    1
  183   85   90 -2.500000 -2.500000  0.000000    1    1
  184   99   90 -2.000000 -3.000000  0.000000    1    1
  185   98   91  0.500000  3.500000 -1.000000    1    1
  186  102   91  1.000000  3.500000 -0.500000    1    1
  187   94   95 -3.500000 -0.500000 -1.000000    1    1
  188  100   95 -3.500000 -1.000000 -0.500000    1    1
  189  102   99  1.500000  3.500000  0.000000    1    1
  190  100  101 -3.500000 -1.500000  0.000000    1    1
 impurity information
    1 -0.250000 -0.250000  0.000000    1    1
    2  0.250000  0.250000  0.000000    1    2
    3  0.250000 -0.250000  0.500000    1    3
    4 -0.250000  0.250000  0.500000    1    3
    5  0.250000 -0.250000 -0.500000    1    3
    6 -0.250000  0.250000 -0.500000    1    3
    7  0.250000 -0.750000  0.000000    1    4
    8 -0.750000  0.250000  0.000000    1    4
    9  0.750000 -0.250000  0.000000    1    5
   10 -0.250000  0.750000  0.000000    1    5
   11 -0.250000 -0.750000  0.500000    1    6
   12 -0.750000 -0.250000  0.500000    1    6
   13 -0.250000 -0.750000 -0.500000    1    6
   14 -0.750000 -0.250000 -0.500000    1    6
   15  0.750000  0.250000  0.500000    1    7
   16  0.250000  0.750000  0.500000    1    7
   17  0.750000  0.250000 -0.500000    1    7
   18  0.250000  0.750000 -0.500000    1    7
   19 -0.750000 -0.750000  0.000000    1    8
   20 -0.250000 -0.250000  1.000000    1    9
   21 -0.250000 -0.250000 -1.000000    1    9
   22  0.250000  0.250000  1.000000    1   10
   23  0.250000  0.250000 -1.000000    1   10
   24  0.750000  0.750000  0.000000    1   11
   25  0.750000 -0.750000  0.500000    1   12
   26 -0.750000  0.750000  0.500000    1   12
   27  0.750000 -0.750000 -0.500000    1   12
   28 -0.750000  0.750000 -0.500000    1   12
   29 -0.250000 -1.250000  0.000000    1   13
   30 -1.250000 -0.250000  0.000000    1   13
   31  0.250000 -0.750000  1.000000    1   14
   32 -0.750000  0.250000  1.000000    1   14
   33  0.250000 -0.750000 -1.000000    1   14
   34 -0.750000  0.250000 -1.000000    1   14
   35  0.750000 -0.250000  1.000000    1   15
   36 -0.250000  0.750000  1.000000    1   15
   37  0.750000 -0.250000 -1.000000    1   15
   38 -0.250000  0.750000 -1.000000    1   15
   39  1.250000  0.250000  0.000000    1   16
   40  0.250000  1.250000  0.000000    1   16
   41  0.250000 -1.250000  0.500000    1   17
   42 -1.250000  0.250000  0.500000    1   17
   43  0.250000 -1.250000 -0.500000    1   17
   44 -1.250000  0.250000 -0.500000    1   17
   45  1.250000 -0.250000  0.500000    1   18
   46 -0.250000  1.250000  0.500000    1   18
   47  1.250000 -0.250000 -0.500000    1   18
   48 -0.250000  1.250000 -0.500000    1   18
   49 -0.750000 -0.750000  1.000000    1   19
   50 -0.750000 -0.750000 -1.000000    1   19
   51  0.750000 -1.250000  0.000000    1   20
   52 -1.250000  0.750000  0.000000    1   20
   53  1.250000 -0.750000  0.000000    1   21
   54 -0.750000  1.250000  0.000000    1   21
   55  0.750000  0.750000  1.000000    1   22
   56  0.750000  0.750000 -1.000000    1   22
   57 -0.750000 -1.250000  0.500000    1   23
   58 -1.250000 -0.750000  0.500000    1   23
   59 -0.750000 -1.250000 -0.500000    1   23
   60 -1.250000 -0.750000 -0.500000    1   23
   61  0.250000 -0.250000  1.500000    1   24
   62 -0.250000  0.250000  1.500000    1   24
   63  0.250000 -0.250000 -1.500000    1   24
   64 -0.250000  0.250000 -1.500000    1   24
   65  1.250000  0.750000  0.500000    1   25
   66  0.750000  1.250000  0.500000    1   25
   67  1.250000  0.750000 -0.500000    1   25
   68  0.750000  1.250000 -0.500000    1   25
   69 -0.250000 -1.250000  1.000000    1   26
   70 -1.250000 -0.250000  1.000000    1   26
   71 -0.250000 -1.250000 -1.000000    1   26
   72 -1.250000 -0.250000 -1.000000    1   26
   73  1.250000  0.250000  1.000000    1   27
   74  0.250000  1.250000  1.000000    1   27
   75  1.250000  0.250000 -1.000000    1   27
   76  0.250000  1.250000 -1.000000    1   27
   77 -0.250000 -0.750000  1.500000    1   28
   78 -0.750000 -0.250000  1.500000    1   28
   79 -0.250000 -0.750000 -1.500000    1   28
   80 -0.750000 -0.250000 -1.500000    1   28
   81  0.750000  0.250000  1.500000    1   29
   82  0.250000  0.750000  1.500000    1   29
   83  0.750000  0.250000 -1.500000    1   29
   84  0.250000  0.750000 -1.500000    1   29
   85 -1.250000 -1.250000  0.000000    1   30
   86  0.250000 -1.750000  0.000000    1   31
   87 -1.750000  0.250000  0.000000    1   31
   88  1.750000 -0.250000  0.000000    1   32
   89 -0.250000  1.750000  0.000000    1   32
   90  1.250000  1.250000  0.000000    1   33
   91 -0.250000 -1.750000  0.500000    1   34
   92 -1.750000 -0.250000  0.500000    1   34
   93 -0.250000 -1.750000 -0.500000    1   34
   94 -1.750000 -0.250000 -0.500000    1   34
   95  1.750000  0.250000  0.500000    1   35
   96  0.250000  1.750000  0.500000    1   35
   97  1.750000  0.250000 -0.500000    1   35
   98  0.250000  1.750000 -0.500000    1   35
   99 -0.750000 -1.750000  0.000000    1   36
  100 -1.750000 -0.750000  0.000000    1   36
  101  1.750000  0.750000  0.000000    1   37
  102  0.750000  1.750000  0.000000    1   37
