green
potential-Pd-Pd
newbulk.fort.89.ijcheck
back.coeff
tu.coeff
shapefun
fcc8-mad-7.40
    0   12    0    0                        iresist,ifile,ipe,iwtmat
    1 1484    3    2                        nspin,irm,ins,icst
    3    2    2    0    0   00    0         kcor,kvrel,kws,khyp,khfeld,kfsr,kxc
   00   00    0    0    0   00   00         kte,kpre,ksph,kefg,kvmad,kf,igga
    1   37    0    2    0                   natref,natper,icut,kshape,kmold
    1    1    1    1    1    1    1    1
    1    1    1    1    1    1    1    1
    1    1    1    1    1    1    1    1
    1    1    1    1    1    1    1    1
    1    1    1    1    1                                        (iref(i),i=1,natper)
    1    2    3    4    5    6    7    8
    9   10   11   12    1    1    1    1
    1    1    1    1    1    1    1    1
    1    1    1    1    1    1    1    1
    1    1    1    1    1    1                                     (ntcell(i),i=1,natyp)
  508  508  508  508  508  508  508  508
  508  508  508  508  508  508  508  508
  508  508  508  508  508  508  508  508
  508  508  508  508  508  508  508  508
  508  508  508  508  508  508  
  191    5  000                             itclst,imix,ief(for real e)
  0.010    1.000       1.d-8                strmixing,fcm,qbound
  0.050    0.0000000  0.0000000             brymix,ef(1),ef(2)
  0.000    0.7686369  0.0000000             hfield,vbcc,vconst
    1    1    0    0  000                   klatr,ksymm,lkonv,ksymmat,kesym,KOCCUP
    1 -0.25000000 -0.25000000  0.00000000 -0.25000000 -0.25000000  0.00000000    1  1.00000000
    2  0.25000000  0.25000000  0.00000000  0.25000000  0.25000000  0.00000000    2  1.00000000
    3  0.25000000 -0.25000000  0.50000000  0.25000000 -0.25000000  0.50000000    3  1.00000000
    4 -0.25000000  0.25000000  0.50000000 -0.25000000  0.25000000  0.50000000    3  1.00000000
    5  0.25000000 -0.25000000 -0.50000000  0.25000000 -0.25000000 -0.50000000    3  1.00000000
    6 -0.25000000  0.25000000 -0.50000000 -0.25000000  0.25000000 -0.50000000    3  1.00000000
    7  0.25000000 -0.75000000  0.00000000  0.25000000 -0.75000000  0.00000000    4  1.00000000
    8 -0.75000000  0.25000000  0.00000000 -0.75000000  0.25000000  0.00000000    4  1.00000000
    9  0.75000000 -0.25000000  0.00000000  0.75000000 -0.25000000  0.00000000    5  1.00000000
   10 -0.25000000  0.75000000  0.00000000 -0.25000000  0.75000000  0.00000000    5  1.00000000
   11 -0.25000000 -0.75000000  0.50000000 -0.25000000 -0.75000000  0.50000000    6  1.00000000
   12 -0.75000000 -0.25000000  0.50000000 -0.75000000 -0.25000000  0.50000000    6  1.00000000
   13 -0.25000000 -0.75000000 -0.50000000 -0.25000000 -0.75000000 -0.50000000    6  1.00000000
   14 -0.75000000 -0.25000000 -0.50000000 -0.75000000 -0.25000000 -0.50000000    6  1.00000000
   15  0.75000000  0.25000000  0.50000000  0.75000000  0.25000000  0.50000000    7  1.00000000
   16  0.25000000  0.75000000  0.50000000  0.25000000  0.75000000  0.50000000    7  1.00000000
   17  0.75000000  0.25000000 -0.50000000  0.75000000  0.25000000 -0.50000000    7  1.00000000
   18  0.25000000  0.75000000 -0.50000000  0.25000000  0.75000000 -0.50000000    7  1.00000000
   19 -0.75000000 -0.75000000  0.00000000 -0.75000000 -0.75000000  0.00000000    8  1.00000000
   20 -0.25000000 -0.25000000  1.00000000 -0.25000000 -0.25000000  1.00000000    9  1.00000000
   21 -0.25000000 -0.25000000 -1.00000000 -0.25000000 -0.25000000 -1.00000000    9  1.00000000
   22  0.25000000  0.25000000  1.00000000  0.25000000  0.25000000  1.00000000   10  1.00000000
   23  0.25000000  0.25000000 -1.00000000  0.25000000  0.25000000 -1.00000000   10  1.00000000
   24  0.75000000  0.75000000  0.00000000  0.75000000  0.75000000  0.00000000   11  1.00000000
   25  0.75000000 -0.75000000  0.50000000  0.75000000 -0.75000000  0.50000000   12  1.00000000
   26 -0.75000000  0.75000000  0.50000000 -0.75000000  0.75000000  0.50000000   12  1.00000000
   27  0.75000000 -0.75000000 -0.50000000  0.75000000 -0.75000000 -0.50000000   12  1.00000000
   28 -0.75000000  0.75000000 -0.50000000 -0.75000000  0.75000000 -0.50000000   12  1.00000000
   29 -0.25000000 -1.25000000  0.00000000 -0.25000000 -1.25000000  0.00000000   13  1.00000000
   30 -1.25000000 -0.25000000  0.00000000 -1.25000000 -0.25000000  0.00000000   13  1.00000000
   31  0.25000000 -0.75000000  1.00000000  0.25000000 -0.75000000  1.00000000   14  1.00000000
   32 -0.75000000  0.25000000  1.00000000 -0.75000000  0.25000000  1.00000000   14  1.00000000
   33  0.25000000 -0.75000000 -1.00000000  0.25000000 -0.75000000 -1.00000000   14  1.00000000
   34 -0.75000000  0.25000000 -1.00000000 -0.75000000  0.25000000 -1.00000000   14  1.00000000
   35  0.75000000 -0.25000000  1.00000000  0.75000000 -0.25000000  1.00000000   15  1.00000000
   36 -0.25000000  0.75000000  1.00000000 -0.25000000  0.75000000  1.00000000   15  1.00000000
   37  0.75000000 -0.25000000 -1.00000000  0.75000000 -0.25000000 -1.00000000   15  1.00000000
   38 -0.25000000  0.75000000 -1.00000000 -0.25000000  0.75000000 -1.00000000   15  1.00000000
   39  1.25000000  0.25000000  0.00000000  1.25000000  0.25000000  0.00000000   16  1.00000000
   40  0.25000000  1.25000000  0.00000000  0.25000000  1.25000000  0.00000000   16  1.00000000
   41  0.25000000 -1.25000000  0.50000000  0.25000000 -1.25000000  0.50000000   17  1.00000000
   42 -1.25000000  0.25000000  0.50000000 -1.25000000  0.25000000  0.50000000   17  1.00000000
   43  0.25000000 -1.25000000 -0.50000000  0.25000000 -1.25000000 -0.50000000   17  1.00000000
   44 -1.25000000  0.25000000 -0.50000000 -1.25000000  0.25000000 -0.50000000   17  1.00000000
   45  1.25000000 -0.25000000  0.50000000  1.25000000 -0.25000000  0.50000000   18  1.00000000
   46 -0.25000000  1.25000000  0.50000000 -0.25000000  1.25000000  0.50000000   18  1.00000000
   47  1.25000000 -0.25000000 -0.50000000  1.25000000 -0.25000000 -0.50000000   18  1.00000000
   48 -0.25000000  1.25000000 -0.50000000 -0.25000000  1.25000000 -0.50000000   18  1.00000000
   49 -0.75000000 -0.75000000  1.00000000 -0.75000000 -0.75000000  1.00000000   19  1.00000000
   50 -0.75000000 -0.75000000 -1.00000000 -0.75000000 -0.75000000 -1.00000000   19  1.00000000
   51  0.75000000 -1.25000000  0.00000000  0.75000000 -1.25000000  0.00000000   20  1.00000000
   52 -1.25000000  0.75000000  0.00000000 -1.25000000  0.75000000  0.00000000   20  1.00000000
   53  1.25000000 -0.75000000  0.00000000  1.25000000 -0.75000000  0.00000000   21  1.00000000
   54 -0.75000000  1.25000000  0.00000000 -0.75000000  1.25000000  0.00000000   21  1.00000000
   55  0.75000000  0.75000000  1.00000000  0.75000000  0.75000000  1.00000000   22  1.00000000
   56  0.75000000  0.75000000 -1.00000000  0.75000000  0.75000000 -1.00000000   22  1.00000000
   57 -0.75000000 -1.25000000  0.50000000 -0.75000000 -1.25000000  0.50000000   23  1.00000000
   58 -1.25000000 -0.75000000  0.50000000 -1.25000000 -0.75000000  0.50000000   23  1.00000000
   59 -0.75000000 -1.25000000 -0.50000000 -0.75000000 -1.25000000 -0.50000000   23  1.00000000
   60 -1.25000000 -0.75000000 -0.50000000 -1.25000000 -0.75000000 -0.50000000   23  1.00000000
   61  0.25000000 -0.25000000  1.50000000  0.25000000 -0.25000000  1.50000000   24  1.00000000
   62 -0.25000000  0.25000000  1.50000000 -0.25000000  0.25000000  1.50000000   24  1.00000000
   63  0.25000000 -0.25000000 -1.50000000  0.25000000 -0.25000000 -1.50000000   24  1.00000000
   64 -0.25000000  0.25000000 -1.50000000 -0.25000000  0.25000000 -1.50000000   24  1.00000000
   65  1.25000000  0.75000000  0.50000000  1.25000000  0.75000000  0.50000000   25  1.00000000
   66  0.75000000  1.25000000  0.50000000  0.75000000  1.25000000  0.50000000   25  1.00000000
   67  1.25000000  0.75000000 -0.50000000  1.25000000  0.75000000 -0.50000000   25  1.00000000
   68  0.75000000  1.25000000 -0.50000000  0.75000000  1.25000000 -0.50000000   25  1.00000000
   69 -0.25000000 -1.25000000  1.00000000 -0.25000000 -1.25000000  1.00000000   26  1.00000000
   70 -1.25000000 -0.25000000  1.00000000 -1.25000000 -0.25000000  1.00000000   26  1.00000000
   71 -0.25000000 -1.25000000 -1.00000000 -0.25000000 -1.25000000 -1.00000000   26  1.00000000
   72 -1.25000000 -0.25000000 -1.00000000 -1.25000000 -0.25000000 -1.00000000   26  1.00000000
   73  1.25000000  0.25000000  1.00000000  1.25000000  0.25000000  1.00000000   27  1.00000000
   74  0.25000000  1.25000000  1.00000000  0.25000000  1.25000000  1.00000000   27  1.00000000
   75  1.25000000  0.25000000 -1.00000000  1.25000000  0.25000000 -1.00000000   27  1.00000000
   76  0.25000000  1.25000000 -1.00000000  0.25000000  1.25000000 -1.00000000   27  1.00000000
   77 -0.25000000 -0.75000000  1.50000000 -0.25000000 -0.75000000  1.50000000   28  1.00000000
   78 -0.75000000 -0.25000000  1.50000000 -0.75000000 -0.25000000  1.50000000   28  1.00000000
   79 -0.25000000 -0.75000000 -1.50000000 -0.25000000 -0.75000000 -1.50000000   28  1.00000000
   80 -0.75000000 -0.25000000 -1.50000000 -0.75000000 -0.25000000 -1.50000000   28  1.00000000
   81  0.75000000  0.25000000  1.50000000  0.75000000  0.25000000  1.50000000   29  1.00000000
   82  0.25000000  0.75000000  1.50000000  0.25000000  0.75000000  1.50000000   29  1.00000000
   83  0.75000000  0.25000000 -1.50000000  0.75000000  0.25000000 -1.50000000   29  1.00000000
   84  0.25000000  0.75000000 -1.50000000  0.25000000  0.75000000 -1.50000000   29  1.00000000
   85 -1.25000000 -1.25000000  0.00000000 -1.25000000 -1.25000000  0.00000000   30  1.00000000
   86  0.25000000 -1.75000000  0.00000000  0.25000000 -1.75000000  0.00000000   31  1.00000000
   87 -1.75000000  0.25000000  0.00000000 -1.75000000  0.25000000  0.00000000   31  1.00000000
   88  1.75000000 -0.25000000  0.00000000  1.75000000 -0.25000000  0.00000000   32  1.00000000
   89 -0.25000000  1.75000000  0.00000000 -0.25000000  1.75000000  0.00000000   32  1.00000000
   90  1.25000000  1.25000000  0.00000000  1.25000000  1.25000000  0.00000000   33  1.00000000
   91 -0.25000000 -1.75000000  0.50000000 -0.25000000 -1.75000000  0.50000000   34  1.00000000
   92 -1.75000000 -0.25000000  0.50000000 -1.75000000 -0.25000000  0.50000000   34  1.00000000
   93 -0.25000000 -1.75000000 -0.50000000 -0.25000000 -1.75000000 -0.50000000   34  1.00000000
   94 -1.75000000 -0.25000000 -0.50000000 -1.75000000 -0.25000000 -0.50000000   34  1.00000000
   95  1.75000000  0.25000000  0.50000000  1.75000000  0.25000000  0.50000000   35  1.00000000
   96  0.25000000  1.75000000  0.50000000  0.25000000  1.75000000  0.50000000   35  1.00000000
   97  1.75000000  0.25000000 -0.50000000  1.75000000  0.25000000 -0.50000000   35  1.00000000
   98  0.25000000  1.75000000 -0.50000000  0.25000000  1.75000000 -0.50000000   35  1.00000000
   99 -0.75000000 -1.75000000  0.00000000 -0.75000000 -1.75000000  0.00000000   36  1.00000000
  100 -1.75000000 -0.75000000  0.00000000 -1.75000000 -0.75000000  0.00000000   36  1.00000000
  101  1.75000000  0.75000000  0.00000000  1.75000000  0.75000000  0.00000000   37  1.00000000
  102  0.75000000  1.75000000  0.00000000  0.75000000  1.75000000  0.00000000   37  1.00000000
end
 