  102
 -0.500000 -0.500000  0.000000    1
  0.000000  0.000000  0.000000    2
  0.000000 -0.500000  0.500000    3
 -0.500000  0.000000  0.500000    4
  0.000000 -0.500000 -0.500000    5
 -0.500000  0.000000 -0.500000    6
  0.000000 -1.000000  0.000000    7
 -1.000000  0.000000  0.000000    8
  0.500000 -0.500000  0.000000    9
 -0.500000  0.500000  0.000000   10
 -0.500000 -1.000000  0.500000   11
 -1.000000 -0.500000  0.500000   12
 -0.500000 -1.000000 -0.500000   13
 -1.000000 -0.500000 -0.500000   14
  0.500000  0.000000  0.500000   15
  0.000000  0.500000  0.500000   16
  0.500000  0.000000 -0.500000   17
  0.000000  0.500000 -0.500000   18
 -1.000000 -1.000000  0.000000   19
 -0.500000 -0.500000  1.000000   20
 -0.500000 -0.500000 -1.000000   21
  0.000000  0.000000  1.000000   22
  0.000000  0.000000 -1.000000   23
  0.500000  0.500000  0.000000   24
  0.500000 -1.000000  0.500000   25
 -1.000000  0.500000  0.500000   26
  0.500000 -1.000000 -0.500000   27
 -1.000000  0.500000 -0.500000   28
 -0.500000 -1.500000  0.000000   29
 -1.500000 -0.500000  0.000000   30
  0.000000 -1.000000  1.000000   31
 -1.000000  0.000000  1.000000   32
  0.000000 -1.000000 -1.000000   33
 -1.000000  0.000000 -1.000000   34
  0.500000 -0.500000  1.000000   35
 -0.500000  0.500000  1.000000   36
  0.500000 -0.500000 -1.000000   37
 -0.500000  0.500000 -1.000000   38
  1.000000  0.000000  0.000000   39
  0.000000  1.000000  0.000000   40
  0.000000 -1.500000  0.500000   41
 -1.500000  0.000000  0.500000   42
  0.000000 -1.500000 -0.500000   43
 -1.500000  0.000000 -0.500000   44
  1.000000 -0.500000  0.500000   45
 -0.500000  1.000000  0.500000   46
  1.000000 -0.500000 -0.500000   47
 -0.500000  1.000000 -0.500000   48
 -1.000000 -1.000000  1.000000   49
 -1.000000 -1.000000 -1.000000   50
  0.500000 -1.500000  0.000000   51
 -1.500000  0.500000  0.000000   52
  1.000000 -1.000000  0.000000   53
 -1.000000  1.000000  0.000000   54
  0.500000  0.500000  1.000000   55
  0.500000  0.500000 -1.000000   56
 -1.000000 -1.500000  0.500000   57
 -1.500000 -1.000000  0.500000   58
 -1.000000 -1.500000 -0.500000   59
 -1.500000 -1.000000 -0.500000   60
  0.000000 -0.500000  1.500000   61
 -0.500000  0.000000  1.500000   62
  0.000000 -0.500000 -1.500000   63
 -0.500000  0.000000 -1.500000   64
  1.000000  0.500000  0.500000   65
  0.500000  1.000000  0.500000   66
  1.000000  0.500000 -0.500000   67
  0.500000  1.000000 -0.500000   68
 -0.500000 -1.500000  1.000000   69
 -1.500000 -0.500000  1.000000   70
 -0.500000 -1.500000 -1.000000   71
 -1.500000 -0.500000 -1.000000   72
  1.000000  0.000000  1.000000   73
  0.000000  1.000000  1.000000   74
  1.000000  0.000000 -1.000000   75
  0.000000  1.000000 -1.000000   76
 -0.500000 -1.000000  1.500000   77
 -1.000000 -0.500000  1.500000   78
 -0.500000 -1.000000 -1.500000   79
 -1.000000 -0.500000 -1.500000   80
  0.500000  0.000000  1.500000   81
  0.000000  0.500000  1.500000   82
  0.500000  0.000000 -1.500000   83
  0.000000  0.500000 -1.500000   84
 -1.500000 -1.500000  0.000000   85
  0.000000 -2.000000  0.000000   86
 -2.000000  0.000000  0.000000   87
  1.500000 -0.500000  0.000000   88
 -0.500000  1.500000  0.000000   89
  1.000000  1.000000  0.000000   90
 -0.500000 -2.000000  0.500000   91
 -2.000000 -0.500000  0.500000   92
 -0.500000 -2.000000 -0.500000   93
 -2.000000 -0.500000 -0.500000   94
  1.500000  0.000000  0.500000   95
  0.000000  1.500000  0.500000   96
  1.500000  0.000000 -0.500000   97
  0.000000  1.500000 -0.500000   98
 -1.000000 -2.000000  0.000000   99
 -2.000000 -1.000000  0.000000  100
  1.500000  0.500000  0.000000  101
  0.500000  1.500000  0.000000  102
