lmax= 4 LHARMY=T LGSYMM=T LBTSYM=T                                              
gf_outdata                                                                      
1. lattice:                                                                     
Oh                                          point group symmetry                
   7.400    BOHR                           lattice constant (ANGSTROM or BOHR)  
  0.500000  0.500000  0.000000
  0.000000  0.500000  0.500000
  0.500000  0.000000  0.500000
    1
 -0.250000 -0.250000  0.000000
2. impurity cluster: with impurity numbers and impurity and host types          
C2v
  102
 -0.250000 -0.250000  0.000000    1   1   1
  0.250000  0.250000  0.000000    2   2   1
  0.250000 -0.250000  0.500000    3   3   1
 -0.250000  0.250000  0.500000    4   3   1
  0.250000 -0.250000 -0.500000    5   3   1
 -0.250000  0.250000 -0.500000    6   3   1
  0.250000 -0.750000  0.000000    7   4   1
 -0.750000  0.250000  0.000000    8   4   1
  0.750000 -0.250000  0.000000    9   5   1
 -0.250000  0.750000  0.000000   10   5   1
 -0.250000 -0.750000  0.500000   11   6   1
 -0.750000 -0.250000  0.500000   12   6   1
 -0.250000 -0.750000 -0.500000   13   6   1
 -0.750000 -0.250000 -0.500000   14   6   1
  0.750000  0.250000  0.500000   15   7   1
  0.250000  0.750000  0.500000   16   7   1
  0.750000  0.250000 -0.500000   17   7   1
  0.250000  0.750000 -0.500000   18   7   1
 -0.750000 -0.750000  0.000000   19   8   1
 -0.250000 -0.250000  1.000000   20   9   1
 -0.250000 -0.250000 -1.000000   21   9   1
  0.250000  0.250000  1.000000   22  10   1
  0.250000  0.250000 -1.000000   23  10   1
  0.750000  0.750000  0.000000   24  11   1
  0.750000 -0.750000  0.500000   25  12   1
 -0.750000  0.750000  0.500000   26  12   1
  0.750000 -0.750000 -0.500000   27  12   1
 -0.750000  0.750000 -0.500000   28  12   1
 -0.250000 -1.250000  0.000000   29  13   1
 -1.250000 -0.250000  0.000000   30  13   1
  0.250000 -0.750000  1.000000   31  14   1
 -0.750000  0.250000  1.000000   32  14   1
  0.250000 -0.750000 -1.000000   33  14   1
 -0.750000  0.250000 -1.000000   34  14   1
  0.750000 -0.250000  1.000000   35  15   1
 -0.250000  0.750000  1.000000   36  15   1
  0.750000 -0.250000 -1.000000   37  15   1
 -0.250000  0.750000 -1.000000   38  15   1
  1.250000  0.250000  0.000000   39  16   1
  0.250000  1.250000  0.000000   40  16   1
  0.250000 -1.250000  0.500000   41  17   1
 -1.250000  0.250000  0.500000   42  17   1
  0.250000 -1.250000 -0.500000   43  17   1
 -1.250000  0.250000 -0.500000   44  17   1
  1.250000 -0.250000  0.500000   45  18   1
 -0.250000  1.250000  0.500000   46  18   1
  1.250000 -0.250000 -0.500000   47  18   1
 -0.250000  1.250000 -0.500000   48  18   1
 -0.750000 -0.750000  1.000000   49  19   1
 -0.750000 -0.750000 -1.000000   50  19   1
  0.750000 -1.250000  0.000000   51  20   1
 -1.250000  0.750000  0.000000   52  20   1
  1.250000 -0.750000  0.000000   53  21   1
 -0.750000  1.250000  0.000000   54  21   1
  0.750000  0.750000  1.000000   55  22   1
  0.750000  0.750000 -1.000000   56  22   1
 -0.750000 -1.250000  0.500000   57  23   1
 -1.250000 -0.750000  0.500000   58  23   1
 -0.750000 -1.250000 -0.500000   59  23   1
 -1.250000 -0.750000 -0.500000   60  23   1
  0.250000 -0.250000  1.500000   61  24   1
 -0.250000  0.250000  1.500000   62  24   1
  0.250000 -0.250000 -1.500000   63  24   1
 -0.250000  0.250000 -1.500000   64  24   1
  1.250000  0.750000  0.500000   65  25   1
  0.750000  1.250000  0.500000   66  25   1
  1.250000  0.750000 -0.500000   67  25   1
  0.750000  1.250000 -0.500000   68  25   1
 -0.250000 -1.250000  1.000000   69  26   1
 -1.250000 -0.250000  1.000000   70  26   1
 -0.250000 -1.250000 -1.000000   71  26   1
 -1.250000 -0.250000 -1.000000   72  26   1
  1.250000  0.250000  1.000000   73  27   1
  0.250000  1.250000  1.000000   74  27   1
  1.250000  0.250000 -1.000000   75  27   1
  0.250000  1.250000 -1.000000   76  27   1
 -0.250000 -0.750000  1.500000   77  28   1
 -0.750000 -0.250000  1.500000   78  28   1
 -0.250000 -0.750000 -1.500000   79  28   1
 -0.750000 -0.250000 -1.500000   80  28   1
  0.750000  0.250000  1.500000   81  29   1
  0.250000  0.750000  1.500000   82  29   1
  0.750000  0.250000 -1.500000   83  29   1
  0.250000  0.750000 -1.500000   84  29   1
 -1.250000 -1.250000  0.000000   85  30   1
  0.250000 -1.750000  0.000000   86  31   1
 -1.750000  0.250000  0.000000   87  31   1
  1.750000 -0.250000  0.000000   88  32   1
 -0.250000  1.750000  0.000000   89  32   1
  1.250000  1.250000  0.000000   90  33   1
 -0.250000 -1.750000  0.500000   91  34   1
 -1.750000 -0.250000  0.500000   92  34   1
 -0.250000 -1.750000 -0.500000   93  34   1
 -1.750000 -0.250000 -0.500000   94  34   1
  1.750000  0.250000  0.500000   95  35   1
  0.250000  1.750000  0.500000   96  35   1
  1.750000  0.250000 -0.500000   97  35   1
  0.250000  1.750000 -0.500000   98  35   1
 -0.750000 -1.750000  0.000000   99  36   1
 -1.750000 -0.750000  0.000000  100  36   1
  1.750000  0.750000  0.000000  101  37   1
  0.750000  1.750000  0.000000  102  37   1
