 E         0.   1.
 C3        2.   3.   1.        1.        1.
 C3       -2.   3.   1.        1.        1.
 C3        2.   3.  -1.        1.        1.
 C3       -2.   3.  -1.        1.        1.
 C3        2.   3.  -1.       -1.        1.
 C3       -2.   3.  -1.       -1.        1.
 C3        2.   3.   1.       -1.        1.
 C3       -2.   3.   1.       -1.        1.
 C2        2.   2.   1.        1.        0.
 C2        2.   2.   1.       -1.        0.
 C2        2.   2.   0.        1.        1.
 C2        2.   2.   0.        1.       -1.
 C2        2.   2.   1.        0.        1.
 C2        2.   2.  -1.        0.        1.
 C4        2.   4.   1.        0.        0.
 C4       -2.   4.   1.        0.        0.
 C4        2.   4.   0.        1.        0.
 C4       -2.   4.   0.        1.        0.
 C4        2.   4.   0.        0.        1.
 C4       -2.   4.   0.        0.        1.
 C2X       2.   2.   1.        0.        0.
 C2Y       2.   2.   0.        1.        0.
 C2Z       2.   2.   0.        0.        1.
 E  I      0.   1.
 C3 I      2.   3.   1.        1.        1.
 C3 I     -2.   3.   1.        1.        1.
 C3 I      2.   3.  -1.        1.        1.
 C3 I     -2.   3.  -1.        1.        1.
 C3 I      2.   3.  -1.       -1.        1.
 C3 I     -2.   3.  -1.       -1.        1.
 C3 I      2.   3.   1.       -1.        1.
 C3 I     -2.   3.   1.       -1.        1.
 C2 I      2.   2.   1.        1.        0.
 C2 I      2.   2.   1.       -1.        0.
 C2 I      2.   2.   0.        1.        1.
 C2 I      2.   2.   0.        1.       -1.
 C2 I      2.   2.   1.        0.        1.
 C2 I      2.   2.  -1.        0.        1.
 C4 I      2.   4.   1.        0.        0.
 C4 I     -2.   4.   1.        0.        0.
 C4 I      2.   4.   0.        1.        0.
 C4 I     -2.   4.   0.        1.        0.
 C4 I      2.   4.   0.        0.        1.
 C4 I     -2.   4.   0.        0.        1.
 C2XI      2.   2.   1.        0.        0.
 C2YI      2.   2.   0.        1.        0.
 C2ZI      2.   2.   0.        0.        1.
    1
     G1    REPRESENTATION OH    ROW 1   COLUMN 1
 1.        1.        1.        1.        1.        1.        1.        1.
 1.        1.        1.        1.        1.        1.        1.        1.
 1.        1.        1.        1.        1.        1.        1.        1.
 1.        1.        1.        1.        1.        1.        1.        1.
 1.        1.        1.        1.        1.        1.        1.        1.
 1.        1.        1.        1.        1.        1.        1.        1.
REP
    1
     G1'   REPRESENTATION OH    ROW 1   COLUMN 1
 1.        1.        1.        1.        1.        1.        1.        1.
 1.        1.        1.        1.        1.        1.        1.        1.
 1.        1.        1.        1.        1.        1.        1.        1.
-1.       -1.       -1.       -1.       -1.       -1.       -1.       -1.
-1.       -1.       -1.       -1.       -1.       -1.       -1.       -1.
-1.       -1.       -1.       -1.       -1.       -1.       -1.       -1.
REP
    1
     G2    REPRESENTATION OH    ROW 1   COLUMN 1
 1.        1.        1.        1.        1.        1.        1.        1.
 1.       -1.       -1.       -1.       -1.       -1.       -1.       -1.
-1.       -1.       -1.       -1.       -1.        1.        1.        1.
 1.        1.        1.        1.        1.        1.        1.        1.
 1.       -1.       -1.       -1.       -1.       -1.       -1.       -1.
-1.       -1.       -1.       -1.       -1.        1.        1.        1.
REP
    1
     G2'   REPRESENTATION OH    ROW 1   COLUMN 1
 1.        1.        1.        1.        1.        1.        1.        1.
 1.       -1.       -1.       -1.       -1.       -1.       -1.       -1.
-1.       -1.       -1.       -1.       -1.        1.        1.        1.
-1.       -1.       -1.       -1.       -1.       -1.       -1.       -1.
-1.        1.        1.        1.        1.        1.        1.        1.
 1.        1.        1.        1.        1.       -1.       -1.       -1.
REP
    2
     G12   REPRESENTATION OH    ROW 1   COLUMN 1
 1.0        -0.5      -0.5      -0.5      -0.5      -0.5      -0.5      -0.5
-0.5       1.0         1.0      -0.5      -0.5      -0.5      -0.5      -0.5
-0.5      -0.5      -0.5       1.0         1.0       1.0       1.0       1.0
 1.0        -0.5      -0.5      -0.5      -0.5      -0.5      -0.5      -0.5
-0.5       1.0         1.0      -0.5      -0.5      -0.5      -0.5      -0.5
-0.5      -0.5      -0.5       1.0         1.0       1.0       1.0       1.0
     G12   REPRESENTATION OH    ROW 1   COLUMN 2
 0.        .8660254 -.8660254 -.8660254  .8660254  .8660254 -.8660254 -.8660254
 .8660254  0.        0.       -.8660254 -.8660254  .8660254  .8660254 -.8660254
-.8660254  .8660254  .8660254  0.        0.        0.        0.        0.
 0.        .8660254 -.8660254 -.8660254  .8660254  .8660254 -.8660254 -.8660254
 .8660254  0.        0.       -.8660254 -.8660254  .8660254  .8660254 -.8660254
-.8660254  .8660254  .8660254  0.        0.        0.        0.        0.
REP
    2
     G12'  REPRESENTATION OH    ROW 1   COLUMN 1
 1.0        -0.5      -0.5      -0.5      -0.5      -0.5      -0.5      -0.5
-0.5       1.0         1.0      -0.5      -0.5      -0.5      -0.5      -0.5
-0.5      -0.5      -0.5       1.0         1.0       1.0       1.0       1.0
-1.0         0.5       0.5       0.5       0.5       0.5       0.5       0.5
 0.5      -1.0        -1.0       0.5       0.5       0.5       0.5       0.5
 0.5       0.5       0.5      -1.0        -1.0      -1.0      -1.0      -1.0
     G12'  REPRESENTATION OH    ROW 1   COLUMN 2
 0.        .8660254 -.8660254 -.8660254  .8660254  .8660254 -.8660254 -.8660254
 .8660254  0.        0.       -.8660254 -.8660254  .8660254  .8660254 -.8660254
-.8660254  .8660254  .8660254  0.        0.        0.        0.        0.
 0.       -.8660254  .8660254  .8660254 -.8660254 -.8660254  .8660254  .8660254
-.8660254  0.        0.        .8660254  .8660254 -.8660254 -.8660254  .8660254
 .8660254 -.8660254 -.8660254  0.        0.        0.        0.        0.
REP
    3
     G15   REPRESENTATION OH    ROW 1   COLUMN 1
 1.
                              -1.       -1.                            1.
 1.                                                1.       -1.       -1.
-1.
                               1.        1.                           -1.
-1.                                               -1.        1.        1.
     G15   REPRESENTATION OH    ROW 1   COLUMN 2
           1.                           -1.        1.
-1.        1.       -1.
                               1.       -1.
          -1.                            1.       -1.
 1.       -1.        1.
                              -1.        1.
     G15   REPRESENTATION OH    ROW 1   COLUMN 3
                     1.       -1.                           -1.        1.
                                                   1.       -1.
          -1.        1.
                    -1.        1.                            1.       -1.
                                                  -1.        1.
           1.       -1.
REP
    3
     G15'  REPRESENTATION OH    ROW 1   COLUMN 1
 1.
                              -1.       -1.                            1.
 1.                                                1.       -1.       -1.
 1.
                              -1.       -1.                            1.
 1.                                                1.       -1.       -1.
     G15'  REPRESENTATION OH    ROW 1   COLUMN 2
           1.                           -1.        1.
-1.        1.       -1.
                               1.       -1.
           1.                           -1.        1.
-1.        1.       -1.
                               1.       -1.
     G15'  REPRESENTATION OH    ROW 1   COLUMN 3
                     1.       -1.                           -1.        1.
                                                   1.       -1.
          -1.        1.
                     1.       -1.                           -1.        1.
                                                   1.       -1.
          -1.        1.
REP
    3
     G25   REPRESENTATION OH    ROW 1   COLUMN 1
 1.
           1.        1.
                              -1.       -1.       -1.       -1.        1.
-1.
          -1.       -1.
                               1.        1.        1.        1.       -1.
     G25   REPRESENTATION OH    ROW 1   COLUMN 2
                     1.        1.                           -1.       -1.
                              -1.        1.                            1.
-1.
                    -1.       -1.                            1.        1.
                               1.       -1.                           -1.
 1.
     G25   REPRESENTATION OH    ROW 1   COLUMN 3
           1.                           -1.       -1.
 1.                                               -1.        1.
          -1.        1.
          -1.                            1.        1.
-1.                                                1.       -1.
           1.       -1.
REP
    3
     G25'  REPRESENTATION OH    ROW 1   COLUMN 1
 1.
           1.        1.
                              -1.       -1.       -1.       -1.        1.
 1.
           1.        1.
                              -1.       -1.       -1.       -1.        1.
     G25'  REPRESENTATION OH    ROW 1   COLUMN 2
                     1.        1.                           -1.       -1.
                              -1.        1.                            1.
-1.
                     1.        1.                           -1.       -1.
                              -1.        1.                            1.
-1.
     G25'  REPRESENTATION OH    ROW 1   COLUMN 3
           1.                           -1.       -1.
 1.                                               -1.        1.
          -1.        1.
           1.                           -1.       -1.
 1.                                               -1.        1.
          -1.        1.
END

