     752   4.0000000000   1.0000000000   1.0000000000
  0.00000000  0.00000000  0.00000000    0.3086419753D-05
  0.03333333 -0.03333333  0.03333333    0.2469135802D-04
  0.06666667 -0.06666667  0.06666667    0.2469135802D-04
  0.10000000 -0.10000000  0.10000000    0.2469135802D-04
  0.13333333 -0.13333333  0.13333333    0.2469135802D-04
  0.16666667 -0.16666667  0.16666667    0.2469135802D-04
  0.20000000 -0.20000000  0.20000000    0.2469135802D-04
  0.23333333 -0.23333333  0.23333333    0.2469135802D-04
  0.26666667 -0.26666667  0.26666667    0.2469135802D-04
  0.30000000 -0.30000000  0.30000000    0.2469135802D-04
  0.33333333 -0.33333333  0.33333333    0.2469135802D-04
  0.36666667 -0.36666667  0.36666667    0.2469135802D-04
  0.40000000 -0.40000000  0.40000000    0.2469135802D-04
  0.43333333 -0.43333333  0.43333333    0.2469135802D-04
  0.46666667 -0.46666667  0.46666667    0.2469135802D-04
  0.50000000 -0.50000000  0.50000000    0.1234567901D-04
  0.00000000  0.00000000  0.06666667    0.1851851852D-04
  0.03333333 -0.03333333  0.10000000    0.7407407407D-04
  0.06666667 -0.06666667  0.13333333    0.7407407407D-04
  0.10000000 -0.10000000  0.16666667    0.7407407407D-04
  0.13333333 -0.13333333  0.20000000    0.7407407407D-04
  0.16666667 -0.16666667  0.23333333    0.7407407407D-04
  0.20000000 -0.20000000  0.26666667    0.7407407407D-04
  0.23333333 -0.23333333  0.30000000    0.7407407407D-04
  0.26666667 -0.26666667  0.33333333    0.7407407407D-04
  0.30000000 -0.30000000  0.36666667    0.7407407407D-04
  0.33333333 -0.33333333  0.40000000    0.7407407407D-04
  0.36666667 -0.36666667  0.43333333    0.7407407407D-04
  0.40000000 -0.40000000  0.46666667    0.7407407407D-04
  0.43333333 -0.43333333  0.50000000    0.7407407407D-04
  0.46666667 -0.46666667  0.53333333    0.7407407407D-04
  0.50000000 -0.50000000  0.56666667    0.7407407407D-04
  0.53333333 -0.53333333  0.60000000    0.7407407407D-04
  0.56666667 -0.56666667  0.63333333    0.7407407407D-04
  0.60000000 -0.60000000  0.66666667    0.7407407407D-04
  0.63333333 -0.63333333  0.70000000    0.7407407407D-04
  0.66666667 -0.66666667  0.73333333    0.7407407407D-04
  0.70000000 -0.70000000  0.76666667    0.7407407407D-04
  0.73333333 -0.73333333  0.80000000    0.7407407407D-04
  0.76666667 -0.76666667  0.83333333    0.7407407407D-04
  0.80000000 -0.80000000  0.86666667    0.7407407407D-04
  0.83333333 -0.83333333  0.90000000    0.7407407407D-04
  0.86666667 -0.86666667  0.93333333    0.7407407407D-04
  0.90000000 -0.90000000  0.96666667    0.7407407407D-04
  0.93333333 -0.93333333  1.00000000    0.3703703704D-04
  0.00000000  0.00000000  0.13333333    0.1851851852D-04
  0.03333333 -0.03333333  0.16666667    0.7407407407D-04
  0.06666667 -0.06666667  0.20000000    0.7407407407D-04
  0.10000000 -0.10000000  0.23333333    0.7407407407D-04
  0.13333333 -0.13333333  0.26666667    0.7407407407D-04
  0.16666667 -0.16666667  0.30000000    0.7407407407D-04
  0.20000000 -0.20000000  0.33333333    0.7407407407D-04
  0.23333333 -0.23333333  0.36666667    0.7407407407D-04
  0.26666667 -0.26666667  0.40000000    0.7407407407D-04
  0.30000000 -0.30000000  0.43333333    0.7407407407D-04
  0.33333333 -0.33333333  0.46666667    0.7407407407D-04
  0.36666667 -0.36666667  0.50000000    0.7407407407D-04
  0.40000000 -0.40000000  0.53333333    0.7407407407D-04
  0.43333333 -0.43333333  0.56666667    0.7407407407D-04
  0.46666667 -0.46666667  0.60000000    0.7407407407D-04
  0.50000000 -0.50000000  0.63333333    0.7407407407D-04
  0.53333333 -0.53333333  0.66666667    0.7407407407D-04
  0.56666667 -0.56666667  0.70000000    0.7407407407D-04
  0.60000000 -0.60000000  0.73333333    0.7407407407D-04
  0.63333333 -0.63333333  0.76666667    0.7407407407D-04
  0.66666667 -0.66666667  0.80000000    0.7407407407D-04
  0.70000000 -0.70000000  0.83333333    0.7407407407D-04
  0.73333333 -0.73333333  0.86666667    0.7407407407D-04
  0.76666667 -0.76666667  0.90000000    0.7407407407D-04
  0.80000000 -0.80000000  0.93333333    0.7407407407D-04
  0.83333333 -0.83333333  0.96666667    0.7407407407D-04
  0.86666667 -0.86666667  1.00000000    0.3703703704D-04
  0.00000000  0.00000000  0.20000000    0.1851851852D-04
  0.03333333 -0.03333333  0.23333333    0.7407407407D-04
  0.06666667 -0.06666667  0.26666667    0.7407407407D-04
  0.10000000 -0.10000000  0.30000000    0.7407407407D-04
  0.13333333 -0.13333333  0.33333333    0.7407407407D-04
  0.16666667 -0.16666667  0.36666667    0.7407407407D-04
  0.20000000 -0.20000000  0.40000000    0.7407407407D-04
  0.23333333 -0.23333333  0.43333333    0.7407407407D-04
  0.26666667 -0.26666667  0.46666667    0.7407407407D-04
  0.30000000 -0.30000000  0.50000000    0.7407407407D-04
  0.33333333 -0.33333333  0.53333333    0.7407407407D-04
  0.36666667 -0.36666667  0.56666667    0.7407407407D-04
  0.40000000 -0.40000000  0.60000000    0.7407407407D-04
  0.43333333 -0.43333333  0.63333333    0.7407407407D-04
  0.46666667 -0.46666667  0.66666667    0.7407407407D-04
  0.50000000 -0.50000000  0.70000000    0.7407407407D-04
  0.53333333 -0.53333333  0.73333333    0.7407407407D-04
  0.56666667 -0.56666667  0.76666667    0.7407407407D-04
  0.60000000 -0.60000000  0.80000000    0.7407407407D-04
  0.63333333 -0.63333333  0.83333333    0.7407407407D-04
  0.66666667 -0.66666667  0.86666667    0.7407407407D-04
  0.70000000 -0.70000000  0.90000000    0.7407407407D-04
  0.73333333 -0.73333333  0.93333333    0.7407407407D-04
  0.76666667 -0.76666667  0.96666667    0.7407407407D-04
  0.80000000 -0.80000000  1.00000000    0.3703703704D-04
  0.00000000  0.00000000  0.26666667    0.1851851852D-04
  0.03333333 -0.03333333  0.30000000    0.7407407407D-04
  0.06666667 -0.06666667  0.33333333    0.7407407407D-04
  0.10000000 -0.10000000  0.36666667    0.7407407407D-04
  0.13333333 -0.13333333  0.40000000    0.7407407407D-04
  0.16666667 -0.16666667  0.43333333    0.7407407407D-04
  0.20000000 -0.20000000  0.46666667    0.7407407407D-04
  0.23333333 -0.23333333  0.50000000    0.7407407407D-04
  0.26666667 -0.26666667  0.53333333    0.7407407407D-04
  0.30000000 -0.30000000  0.56666667    0.7407407407D-04
  0.33333333 -0.33333333  0.60000000    0.7407407407D-04
  0.36666667 -0.36666667  0.63333333    0.7407407407D-04
  0.40000000 -0.40000000  0.66666667    0.7407407407D-04
  0.43333333 -0.43333333  0.70000000    0.7407407407D-04
  0.46666667 -0.46666667  0.73333333    0.7407407407D-04
  0.50000000 -0.50000000  0.76666667    0.7407407407D-04
  0.53333333 -0.53333333  0.80000000    0.7407407407D-04
  0.56666667 -0.56666667  0.83333333    0.7407407407D-04
  0.60000000 -0.60000000  0.86666667    0.7407407407D-04
  0.63333333 -0.63333333  0.90000000    0.7407407407D-04
  0.66666667 -0.66666667  0.93333333    0.7407407407D-04
  0.70000000 -0.70000000  0.96666667    0.7407407407D-04
  0.73333333 -0.73333333  1.00000000    0.3703703704D-04
  0.00000000  0.00000000  0.33333333    0.1851851852D-04
  0.03333333 -0.03333333  0.36666667    0.7407407407D-04
  0.06666667 -0.06666667  0.40000000    0.7407407407D-04
  0.10000000 -0.10000000  0.43333333    0.7407407407D-04
  0.13333333 -0.13333333  0.46666667    0.7407407407D-04
  0.16666667 -0.16666667  0.50000000    0.7407407407D-04
  0.20000000 -0.20000000  0.53333333    0.7407407407D-04
  0.23333333 -0.23333333  0.56666667    0.7407407407D-04
  0.26666667 -0.26666667  0.60000000    0.7407407407D-04
  0.30000000 -0.30000000  0.63333333    0.7407407407D-04
  0.33333333 -0.33333333  0.66666667    0.7407407407D-04
  0.36666667 -0.36666667  0.70000000    0.7407407407D-04
  0.40000000 -0.40000000  0.73333333    0.7407407407D-04
  0.43333333 -0.43333333  0.76666667    0.7407407407D-04
  0.46666667 -0.46666667  0.80000000    0.7407407407D-04
  0.50000000 -0.50000000  0.83333333    0.7407407407D-04
  0.53333333 -0.53333333  0.86666667    0.7407407407D-04
  0.56666667 -0.56666667  0.90000000    0.7407407407D-04
  0.60000000 -0.60000000  0.93333333    0.7407407407D-04
  0.63333333 -0.63333333  0.96666667    0.7407407407D-04
  0.66666667 -0.66666667  1.00000000    0.3703703704D-04
  0.00000000  0.00000000  0.40000000    0.1851851852D-04
  0.03333333 -0.03333333  0.43333333    0.7407407407D-04
  0.06666667 -0.06666667  0.46666667    0.7407407407D-04
  0.10000000 -0.10000000  0.50000000    0.7407407407D-04
  0.13333333 -0.13333333  0.53333333    0.7407407407D-04
  0.16666667 -0.16666667  0.56666667    0.7407407407D-04
  0.20000000 -0.20000000  0.60000000    0.7407407407D-04
  0.23333333 -0.23333333  0.63333333    0.7407407407D-04
  0.26666667 -0.26666667  0.66666667    0.7407407407D-04
  0.30000000 -0.30000000  0.70000000    0.7407407407D-04
  0.33333333 -0.33333333  0.73333333    0.7407407407D-04
  0.36666667 -0.36666667  0.76666667    0.7407407407D-04
  0.40000000 -0.40000000  0.80000000    0.7407407407D-04
  0.43333333 -0.43333333  0.83333333    0.7407407407D-04
  0.46666667 -0.46666667  0.86666667    0.7407407407D-04
  0.50000000 -0.50000000  0.90000000    0.7407407407D-04
  0.53333333 -0.53333333  0.93333333    0.7407407407D-04
  0.56666667 -0.56666667  0.96666667    0.7407407407D-04
  0.60000000 -0.60000000  1.00000000    0.3703703704D-04
  0.00000000  0.00000000  0.46666667    0.1851851852D-04
  0.03333333 -0.03333333  0.50000000    0.7407407407D-04
  0.06666667 -0.06666667  0.53333333    0.7407407407D-04
  0.10000000 -0.10000000  0.56666667    0.7407407407D-04
  0.13333333 -0.13333333  0.60000000    0.7407407407D-04
  0.16666667 -0.16666667  0.63333333    0.7407407407D-04
  0.20000000 -0.20000000  0.66666667    0.7407407407D-04
  0.23333333 -0.23333333  0.70000000    0.7407407407D-04
  0.26666667 -0.26666667  0.73333333    0.7407407407D-04
  0.30000000 -0.30000000  0.76666667    0.7407407407D-04
  0.33333333 -0.33333333  0.80000000    0.7407407407D-04
  0.36666667 -0.36666667  0.83333333    0.7407407407D-04
  0.40000000 -0.40000000  0.86666667    0.7407407407D-04
  0.43333333 -0.43333333  0.90000000    0.7407407407D-04
  0.46666667 -0.46666667  0.93333333    0.7407407407D-04
  0.50000000 -0.50000000  0.96666667    0.7407407407D-04
  0.53333333 -0.53333333  1.00000000    0.3703703704D-04
  0.00000000  0.00000000  0.53333333    0.1851851852D-04
  0.03333333 -0.03333333  0.56666667    0.7407407407D-04
  0.06666667 -0.06666667  0.60000000    0.7407407407D-04
  0.10000000 -0.10000000  0.63333333    0.7407407407D-04
  0.13333333 -0.13333333  0.66666667    0.7407407407D-04
  0.16666667 -0.16666667  0.70000000    0.7407407407D-04
  0.20000000 -0.20000000  0.73333333    0.7407407407D-04
  0.23333333 -0.23333333  0.76666667    0.7407407407D-04
  0.26666667 -0.26666667  0.80000000    0.7407407407D-04
  0.30000000 -0.30000000  0.83333333    0.7407407407D-04
  0.33333333 -0.33333333  0.86666667    0.7407407407D-04
  0.36666667 -0.36666667  0.90000000    0.7407407407D-04
  0.40000000 -0.40000000  0.93333333    0.7407407407D-04
  0.43333333 -0.43333333  0.96666667    0.7407407407D-04
  0.46666667 -0.46666667  1.00000000    0.3703703704D-04
  0.00000000  0.00000000  0.60000000    0.1851851852D-04
  0.03333333 -0.03333333  0.63333333    0.7407407407D-04
  0.06666667 -0.06666667  0.66666667    0.7407407407D-04
  0.10000000 -0.10000000  0.70000000    0.7407407407D-04
  0.13333333 -0.13333333  0.73333333    0.7407407407D-04
  0.16666667 -0.16666667  0.76666667    0.7407407407D-04
  0.20000000 -0.20000000  0.80000000    0.7407407407D-04
  0.23333333 -0.23333333  0.83333333    0.7407407407D-04
  0.26666667 -0.26666667  0.86666667    0.7407407407D-04
  0.30000000 -0.30000000  0.90000000    0.7407407407D-04
  0.33333333 -0.33333333  0.93333333    0.7407407407D-04
  0.36666667 -0.36666667  0.96666667    0.7407407407D-04
  0.40000000 -0.40000000  1.00000000    0.3703703704D-04
  0.00000000  0.00000000  0.66666667    0.1851851852D-04
  0.03333333 -0.03333333  0.70000000    0.7407407407D-04
  0.06666667 -0.06666667  0.73333333    0.7407407407D-04
  0.10000000 -0.10000000  0.76666667    0.7407407407D-04
  0.13333333 -0.13333333  0.80000000    0.7407407407D-04
  0.16666667 -0.16666667  0.83333333    0.7407407407D-04
  0.20000000 -0.20000000  0.86666667    0.7407407407D-04
  0.23333333 -0.23333333  0.90000000    0.7407407407D-04
  0.26666667 -0.26666667  0.93333333    0.7407407407D-04
  0.30000000 -0.30000000  0.96666667    0.7407407407D-04
  0.33333333 -0.33333333  1.00000000    0.3703703704D-04
  0.00000000  0.00000000  0.73333333    0.1851851852D-04
  0.03333333 -0.03333333  0.76666667    0.7407407407D-04
  0.06666667 -0.06666667  0.80000000    0.7407407407D-04
  0.10000000 -0.10000000  0.83333333    0.7407407407D-04
  0.13333333 -0.13333333  0.86666667    0.7407407407D-04
  0.16666667 -0.16666667  0.90000000    0.7407407407D-04
  0.20000000 -0.20000000  0.93333333    0.7407407407D-04
  0.23333333 -0.23333333  0.96666667    0.7407407407D-04
  0.26666667 -0.26666667  1.00000000    0.3703703704D-04
  0.00000000  0.00000000  0.80000000    0.1851851852D-04
  0.03333333 -0.03333333  0.83333333    0.7407407407D-04
  0.06666667 -0.06666667  0.86666667    0.7407407407D-04
  0.10000000 -0.10000000  0.90000000    0.7407407407D-04
  0.13333333 -0.13333333  0.93333333    0.7407407407D-04
  0.16666667 -0.16666667  0.96666667    0.7407407407D-04
  0.20000000 -0.20000000  1.00000000    0.3703703704D-04
  0.00000000  0.00000000  0.86666667    0.1851851852D-04
  0.03333333 -0.03333333  0.90000000    0.7407407407D-04
  0.06666667 -0.06666667  0.93333333    0.7407407407D-04
  0.10000000 -0.10000000  0.96666667    0.7407407407D-04
  0.13333333 -0.13333333  1.00000000    0.3703703704D-04
  0.00000000  0.00000000  0.93333333    0.1851851852D-04
  0.03333333 -0.03333333  0.96666667    0.7407407407D-04
  0.06666667 -0.06666667  1.00000000    0.3703703704D-04
  0.00000000  0.00000000  1.00000000    0.9259259259D-05
  0.06666667  0.00000000  0.13333333    0.7407407407D-04
  0.10000000 -0.03333333  0.16666667    0.1481481481D-03
  0.13333333 -0.06666667  0.20000000    0.1481481481D-03
  0.16666667 -0.10000000  0.23333333    0.1481481481D-03
  0.20000000 -0.13333333  0.26666667    0.1481481481D-03
  0.23333333 -0.16666667  0.30000000    0.1481481481D-03
  0.26666667 -0.20000000  0.33333333    0.1481481481D-03
  0.30000000 -0.23333333  0.36666667    0.1481481481D-03
  0.33333333 -0.26666667  0.40000000    0.1481481481D-03
  0.36666667 -0.30000000  0.43333333    0.1481481481D-03
  0.40000000 -0.33333333  0.46666667    0.1481481481D-03
  0.43333333 -0.36666667  0.50000000    0.1481481481D-03
  0.46666667 -0.40000000  0.53333333    0.1481481481D-03
  0.50000000 -0.43333333  0.56666667    0.7407407407D-04
  0.06666667  0.00000000  0.20000000    0.7407407407D-04
  0.10000000 -0.03333333  0.23333333    0.1481481481D-03
  0.13333333 -0.06666667  0.26666667    0.1481481481D-03
  0.16666667 -0.10000000  0.30000000    0.1481481481D-03
  0.20000000 -0.13333333  0.33333333    0.1481481481D-03
  0.23333333 -0.16666667  0.36666667    0.1481481481D-03
  0.26666667 -0.20000000  0.40000000    0.1481481481D-03
  0.30000000 -0.23333333  0.43333333    0.1481481481D-03
  0.33333333 -0.26666667  0.46666667    0.1481481481D-03
  0.36666667 -0.30000000  0.50000000    0.1481481481D-03
  0.40000000 -0.33333333  0.53333333    0.1481481481D-03
  0.43333333 -0.36666667  0.56666667    0.1481481481D-03
  0.46666667 -0.40000000  0.60000000    0.1481481481D-03
  0.50000000 -0.43333333  0.63333333    0.1481481481D-03
  0.53333333 -0.46666667  0.66666667    0.1481481481D-03
  0.56666667 -0.50000000  0.70000000    0.1481481481D-03
  0.60000000 -0.53333333  0.73333333    0.1481481481D-03
  0.63333333 -0.56666667  0.76666667    0.1481481481D-03
  0.66666667 -0.60000000  0.80000000    0.1481481481D-03
  0.70000000 -0.63333333  0.83333333    0.1481481481D-03
  0.73333333 -0.66666667  0.86666667    0.1481481481D-03
  0.76666667 -0.70000000  0.90000000    0.1481481481D-03
  0.80000000 -0.73333333  0.93333333    0.1481481481D-03
  0.83333333 -0.76666667  0.96666667    0.1481481481D-03
  0.86666667 -0.80000000  1.00000000    0.7407407407D-04
  0.06666667  0.00000000  0.26666667    0.7407407407D-04
  0.10000000 -0.03333333  0.30000000    0.1481481481D-03
  0.13333333 -0.06666667  0.33333333    0.1481481481D-03
  0.16666667 -0.10000000  0.36666667    0.1481481481D-03
  0.20000000 -0.13333333  0.40000000    0.1481481481D-03
  0.23333333 -0.16666667  0.43333333    0.1481481481D-03
  0.26666667 -0.20000000  0.46666667    0.1481481481D-03
  0.30000000 -0.23333333  0.50000000    0.1481481481D-03
  0.33333333 -0.26666667  0.53333333    0.1481481481D-03
  0.36666667 -0.30000000  0.56666667    0.1481481481D-03
  0.40000000 -0.33333333  0.60000000    0.1481481481D-03
  0.43333333 -0.36666667  0.63333333    0.1481481481D-03
  0.46666667 -0.40000000  0.66666667    0.1481481481D-03
  0.50000000 -0.43333333  0.70000000    0.1481481481D-03
  0.53333333 -0.46666667  0.73333333    0.1481481481D-03
  0.56666667 -0.50000000  0.76666667    0.1481481481D-03
  0.60000000 -0.53333333  0.80000000    0.1481481481D-03
  0.63333333 -0.56666667  0.83333333    0.1481481481D-03
  0.66666667 -0.60000000  0.86666667    0.1481481481D-03
  0.70000000 -0.63333333  0.90000000    0.1481481481D-03
  0.73333333 -0.66666667  0.93333333    0.1481481481D-03
  0.76666667 -0.70000000  0.96666667    0.1481481481D-03
  0.80000000 -0.73333333  1.00000000    0.7407407407D-04
  0.06666667  0.00000000  0.33333333    0.7407407407D-04
  0.10000000 -0.03333333  0.36666667    0.1481481481D-03
  0.13333333 -0.06666667  0.40000000    0.1481481481D-03
  0.16666667 -0.10000000  0.43333333    0.1481481481D-03
  0.20000000 -0.13333333  0.46666667    0.1481481481D-03
  0.23333333 -0.16666667  0.50000000    0.1481481481D-03
  0.26666667 -0.20000000  0.53333333    0.1481481481D-03
  0.30000000 -0.23333333  0.56666667    0.1481481481D-03
  0.33333333 -0.26666667  0.60000000    0.1481481481D-03
  0.36666667 -0.30000000  0.63333333    0.1481481481D-03
  0.40000000 -0.33333333  0.66666667    0.1481481481D-03
  0.43333333 -0.36666667  0.70000000    0.1481481481D-03
  0.46666667 -0.40000000  0.73333333    0.1481481481D-03
  0.50000000 -0.43333333  0.76666667    0.1481481481D-03
  0.53333333 -0.46666667  0.80000000    0.1481481481D-03
  0.56666667 -0.50000000  0.83333333    0.1481481481D-03
  0.60000000 -0.53333333  0.86666667    0.1481481481D-03
  0.63333333 -0.56666667  0.90000000    0.1481481481D-03
  0.66666667 -0.60000000  0.93333333    0.1481481481D-03
  0.70000000 -0.63333333  0.96666667    0.1481481481D-03
  0.73333333 -0.66666667  1.00000000    0.7407407407D-04
  0.06666667  0.00000000  0.40000000    0.7407407407D-04
  0.10000000 -0.03333333  0.43333333    0.1481481481D-03
  0.13333333 -0.06666667  0.46666667    0.1481481481D-03
  0.16666667 -0.10000000  0.50000000    0.1481481481D-03
  0.20000000 -0.13333333  0.53333333    0.1481481481D-03
  0.23333333 -0.16666667  0.56666667    0.1481481481D-03
  0.26666667 -0.20000000  0.60000000    0.1481481481D-03
  0.30000000 -0.23333333  0.63333333    0.1481481481D-03
  0.33333333 -0.26666667  0.66666667    0.1481481481D-03
  0.36666667 -0.30000000  0.70000000    0.1481481481D-03
  0.40000000 -0.33333333  0.73333333    0.1481481481D-03
  0.43333333 -0.36666667  0.76666667    0.1481481481D-03
  0.46666667 -0.40000000  0.80000000    0.1481481481D-03
  0.50000000 -0.43333333  0.83333333    0.1481481481D-03
  0.53333333 -0.46666667  0.86666667    0.1481481481D-03
  0.56666667 -0.50000000  0.90000000    0.1481481481D-03
  0.60000000 -0.53333333  0.93333333    0.1481481481D-03
  0.63333333 -0.56666667  0.96666667    0.1481481481D-03
  0.66666667 -0.60000000  1.00000000    0.7407407407D-04
  0.06666667  0.00000000  0.46666667    0.7407407407D-04
  0.10000000 -0.03333333  0.50000000    0.1481481481D-03
  0.13333333 -0.06666667  0.53333333    0.1481481481D-03
  0.16666667 -0.10000000  0.56666667    0.1481481481D-03
  0.20000000 -0.13333333  0.60000000    0.1481481481D-03
  0.23333333 -0.16666667  0.63333333    0.1481481481D-03
  0.26666667 -0.20000000  0.66666667    0.1481481481D-03
  0.30000000 -0.23333333  0.70000000    0.1481481481D-03
  0.33333333 -0.26666667  0.73333333    0.1481481481D-03
  0.36666667 -0.30000000  0.76666667    0.1481481481D-03
  0.40000000 -0.33333333  0.80000000    0.1481481481D-03
  0.43333333 -0.36666667  0.83333333    0.1481481481D-03
  0.46666667 -0.40000000  0.86666667    0.1481481481D-03
  0.50000000 -0.43333333  0.90000000    0.1481481481D-03
  0.53333333 -0.46666667  0.93333333    0.1481481481D-03
  0.56666667 -0.50000000  0.96666667    0.1481481481D-03
  0.60000000 -0.53333333  1.00000000    0.7407407407D-04
  0.06666667  0.00000000  0.53333333    0.7407407407D-04
  0.10000000 -0.03333333  0.56666667    0.1481481481D-03
  0.13333333 -0.06666667  0.60000000    0.1481481481D-03
  0.16666667 -0.10000000  0.63333333    0.1481481481D-03
  0.20000000 -0.13333333  0.66666667    0.1481481481D-03
  0.23333333 -0.16666667  0.70000000    0.1481481481D-03
  0.26666667 -0.20000000  0.73333333    0.1481481481D-03
  0.30000000 -0.23333333  0.76666667    0.1481481481D-03
  0.33333333 -0.26666667  0.80000000    0.1481481481D-03
  0.36666667 -0.30000000  0.83333333    0.1481481481D-03
  0.40000000 -0.33333333  0.86666667    0.1481481481D-03
  0.43333333 -0.36666667  0.90000000    0.1481481481D-03
  0.46666667 -0.40000000  0.93333333    0.1481481481D-03
  0.50000000 -0.43333333  0.96666667    0.1481481481D-03
  0.53333333 -0.46666667  1.00000000    0.7407407407D-04
  0.06666667  0.00000000  0.60000000    0.7407407407D-04
  0.10000000 -0.03333333  0.63333333    0.1481481481D-03
  0.13333333 -0.06666667  0.66666667    0.1481481481D-03
  0.16666667 -0.10000000  0.70000000    0.1481481481D-03
  0.20000000 -0.13333333  0.73333333    0.1481481481D-03
  0.23333333 -0.16666667  0.76666667    0.1481481481D-03
  0.26666667 -0.20000000  0.80000000    0.1481481481D-03
  0.30000000 -0.23333333  0.83333333    0.1481481481D-03
  0.33333333 -0.26666667  0.86666667    0.1481481481D-03
  0.36666667 -0.30000000  0.90000000    0.1481481481D-03
  0.40000000 -0.33333333  0.93333333    0.1481481481D-03
  0.43333333 -0.36666667  0.96666667    0.1481481481D-03
  0.46666667 -0.40000000  1.00000000    0.7407407407D-04
  0.06666667  0.00000000  0.66666667    0.7407407407D-04
  0.10000000 -0.03333333  0.70000000    0.1481481481D-03
  0.13333333 -0.06666667  0.73333333    0.1481481481D-03
  0.16666667 -0.10000000  0.76666667    0.1481481481D-03
  0.20000000 -0.13333333  0.80000000    0.1481481481D-03
  0.23333333 -0.16666667  0.83333333    0.1481481481D-03
  0.26666667 -0.20000000  0.86666667    0.1481481481D-03
  0.30000000 -0.23333333  0.90000000    0.1481481481D-03
  0.33333333 -0.26666667  0.93333333    0.1481481481D-03
  0.36666667 -0.30000000  0.96666667    0.1481481481D-03
  0.40000000 -0.33333333  1.00000000    0.7407407407D-04
  0.06666667  0.00000000  0.73333333    0.7407407407D-04
  0.10000000 -0.03333333  0.76666667    0.1481481481D-03
  0.13333333 -0.06666667  0.80000000    0.1481481481D-03
  0.16666667 -0.10000000  0.83333333    0.1481481481D-03
  0.20000000 -0.13333333  0.86666667    0.1481481481D-03
  0.23333333 -0.16666667  0.90000000    0.1481481481D-03
  0.26666667 -0.20000000  0.93333333    0.1481481481D-03
  0.30000000 -0.23333333  0.96666667    0.1481481481D-03
  0.33333333 -0.26666667  1.00000000    0.7407407407D-04
  0.06666667  0.00000000  0.80000000    0.7407407407D-04
  0.10000000 -0.03333333  0.83333333    0.1481481481D-03
  0.13333333 -0.06666667  0.86666667    0.1481481481D-03
  0.16666667 -0.10000000  0.90000000    0.1481481481D-03
  0.20000000 -0.13333333  0.93333333    0.1481481481D-03
  0.23333333 -0.16666667  0.96666667    0.1481481481D-03
  0.26666667 -0.20000000  1.00000000    0.7407407407D-04
  0.06666667  0.00000000  0.86666667    0.7407407407D-04
  0.10000000 -0.03333333  0.90000000    0.1481481481D-03
  0.13333333 -0.06666667  0.93333333    0.1481481481D-03
  0.16666667 -0.10000000  0.96666667    0.1481481481D-03
  0.20000000 -0.13333333  1.00000000    0.7407407407D-04
  0.06666667  0.00000000  0.93333333    0.7407407407D-04
  0.10000000 -0.03333333  0.96666667    0.1481481481D-03
  0.13333333 -0.06666667  1.00000000    0.7407407407D-04
  0.06666667  0.00000000  1.00000000    0.3703703704D-04
  0.13333333  0.00000000  0.26666667    0.7407407407D-04
  0.16666667 -0.03333333  0.30000000    0.1481481481D-03
  0.20000000 -0.06666667  0.33333333    0.1481481481D-03
  0.23333333 -0.10000000  0.36666667    0.1481481481D-03
  0.26666667 -0.13333333  0.40000000    0.1481481481D-03
  0.30000000 -0.16666667  0.43333333    0.1481481481D-03
  0.33333333 -0.20000000  0.46666667    0.1481481481D-03
  0.36666667 -0.23333333  0.50000000    0.1481481481D-03
  0.40000000 -0.26666667  0.53333333    0.1481481481D-03
  0.43333333 -0.30000000  0.56666667    0.1481481481D-03
  0.46666667 -0.33333333  0.60000000    0.1481481481D-03
  0.50000000 -0.36666667  0.63333333    0.7407407407D-04
  0.13333333  0.00000000  0.33333333    0.7407407407D-04
  0.16666667 -0.03333333  0.36666667    0.1481481481D-03
  0.20000000 -0.06666667  0.40000000    0.1481481481D-03
  0.23333333 -0.10000000  0.43333333    0.1481481481D-03
  0.26666667 -0.13333333  0.46666667    0.1481481481D-03
  0.30000000 -0.16666667  0.50000000    0.1481481481D-03
  0.33333333 -0.20000000  0.53333333    0.1481481481D-03
  0.36666667 -0.23333333  0.56666667    0.1481481481D-03
  0.40000000 -0.26666667  0.60000000    0.1481481481D-03
  0.43333333 -0.30000000  0.63333333    0.1481481481D-03
  0.46666667 -0.33333333  0.66666667    0.1481481481D-03
  0.50000000 -0.36666667  0.70000000    0.1481481481D-03
  0.53333333 -0.40000000  0.73333333    0.1481481481D-03
  0.56666667 -0.43333333  0.76666667    0.1481481481D-03
  0.60000000 -0.46666667  0.80000000    0.1481481481D-03
  0.63333333 -0.50000000  0.83333333    0.1481481481D-03
  0.66666667 -0.53333333  0.86666667    0.1481481481D-03
  0.70000000 -0.56666667  0.90000000    0.1481481481D-03
  0.73333333 -0.60000000  0.93333333    0.1481481481D-03
  0.76666667 -0.63333333  0.96666667    0.1481481481D-03
  0.80000000 -0.66666667  1.00000000    0.7407407407D-04
  0.13333333  0.00000000  0.40000000    0.7407407407D-04
  0.16666667 -0.03333333  0.43333333    0.1481481481D-03
  0.20000000 -0.06666667  0.46666667    0.1481481481D-03
  0.23333333 -0.10000000  0.50000000    0.1481481481D-03
  0.26666667 -0.13333333  0.53333333    0.1481481481D-03
  0.30000000 -0.16666667  0.56666667    0.1481481481D-03
  0.33333333 -0.20000000  0.60000000    0.1481481481D-03
  0.36666667 -0.23333333  0.63333333    0.1481481481D-03
  0.40000000 -0.26666667  0.66666667    0.1481481481D-03
  0.43333333 -0.30000000  0.70000000    0.1481481481D-03
  0.46666667 -0.33333333  0.73333333    0.1481481481D-03
  0.50000000 -0.36666667  0.76666667    0.1481481481D-03
  0.53333333 -0.40000000  0.80000000    0.1481481481D-03
  0.56666667 -0.43333333  0.83333333    0.1481481481D-03
  0.60000000 -0.46666667  0.86666667    0.1481481481D-03
  0.63333333 -0.50000000  0.90000000    0.1481481481D-03
  0.66666667 -0.53333333  0.93333333    0.1481481481D-03
  0.70000000 -0.56666667  0.96666667    0.1481481481D-03
  0.73333333 -0.60000000  1.00000000    0.7407407407D-04
  0.13333333  0.00000000  0.46666667    0.7407407407D-04
  0.16666667 -0.03333333  0.50000000    0.1481481481D-03
  0.20000000 -0.06666667  0.53333333    0.1481481481D-03
  0.23333333 -0.10000000  0.56666667    0.1481481481D-03
  0.26666667 -0.13333333  0.60000000    0.1481481481D-03
  0.30000000 -0.16666667  0.63333333    0.1481481481D-03
  0.33333333 -0.20000000  0.66666667    0.1481481481D-03
  0.36666667 -0.23333333  0.70000000    0.1481481481D-03
  0.40000000 -0.26666667  0.73333333    0.1481481481D-03
  0.43333333 -0.30000000  0.76666667    0.1481481481D-03
  0.46666667 -0.33333333  0.80000000    0.1481481481D-03
  0.50000000 -0.36666667  0.83333333    0.1481481481D-03
  0.53333333 -0.40000000  0.86666667    0.1481481481D-03
  0.56666667 -0.43333333  0.90000000    0.1481481481D-03
  0.60000000 -0.46666667  0.93333333    0.1481481481D-03
  0.63333333 -0.50000000  0.96666667    0.1481481481D-03
  0.66666667 -0.53333333  1.00000000    0.7407407407D-04
  0.13333333  0.00000000  0.53333333    0.7407407407D-04
  0.16666667 -0.03333333  0.56666667    0.1481481481D-03
  0.20000000 -0.06666667  0.60000000    0.1481481481D-03
  0.23333333 -0.10000000  0.63333333    0.1481481481D-03
  0.26666667 -0.13333333  0.66666667    0.1481481481D-03
  0.30000000 -0.16666667  0.70000000    0.1481481481D-03
  0.33333333 -0.20000000  0.73333333    0.1481481481D-03
  0.36666667 -0.23333333  0.76666667    0.1481481481D-03
  0.40000000 -0.26666667  0.80000000    0.1481481481D-03
  0.43333333 -0.30000000  0.83333333    0.1481481481D-03
  0.46666667 -0.33333333  0.86666667    0.1481481481D-03
  0.50000000 -0.36666667  0.90000000    0.1481481481D-03
  0.53333333 -0.40000000  0.93333333    0.1481481481D-03
  0.56666667 -0.43333333  0.96666667    0.1481481481D-03
  0.60000000 -0.46666667  1.00000000    0.7407407407D-04
  0.13333333  0.00000000  0.60000000    0.7407407407D-04
  0.16666667 -0.03333333  0.63333333    0.1481481481D-03
  0.20000000 -0.06666667  0.66666667    0.1481481481D-03
  0.23333333 -0.10000000  0.70000000    0.1481481481D-03
  0.26666667 -0.13333333  0.73333333    0.1481481481D-03
  0.30000000 -0.16666667  0.76666667    0.1481481481D-03
  0.33333333 -0.20000000  0.80000000    0.1481481481D-03
  0.36666667 -0.23333333  0.83333333    0.1481481481D-03
  0.40000000 -0.26666667  0.86666667    0.1481481481D-03
  0.43333333 -0.30000000  0.90000000    0.1481481481D-03
  0.46666667 -0.33333333  0.93333333    0.1481481481D-03
  0.50000000 -0.36666667  0.96666667    0.1481481481D-03
  0.53333333 -0.40000000  1.00000000    0.7407407407D-04
  0.13333333  0.00000000  0.66666667    0.7407407407D-04
  0.16666667 -0.03333333  0.70000000    0.1481481481D-03
  0.20000000 -0.06666667  0.73333333    0.1481481481D-03
  0.23333333 -0.10000000  0.76666667    0.1481481481D-03
  0.26666667 -0.13333333  0.80000000    0.1481481481D-03
  0.30000000 -0.16666667  0.83333333    0.1481481481D-03
  0.33333333 -0.20000000  0.86666667    0.1481481481D-03
  0.36666667 -0.23333333  0.90000000    0.1481481481D-03
  0.40000000 -0.26666667  0.93333333    0.1481481481D-03
  0.43333333 -0.30000000  0.96666667    0.1481481481D-03
  0.46666667 -0.33333333  1.00000000    0.7407407407D-04
  0.13333333  0.00000000  0.73333333    0.7407407407D-04
  0.16666667 -0.03333333  0.76666667    0.1481481481D-03
  0.20000000 -0.06666667  0.80000000    0.1481481481D-03
  0.23333333 -0.10000000  0.83333333    0.1481481481D-03
  0.26666667 -0.13333333  0.86666667    0.1481481481D-03
  0.30000000 -0.16666667  0.90000000    0.1481481481D-03
  0.33333333 -0.20000000  0.93333333    0.1481481481D-03
  0.36666667 -0.23333333  0.96666667    0.1481481481D-03
  0.40000000 -0.26666667  1.00000000    0.7407407407D-04
  0.13333333  0.00000000  0.80000000    0.7407407407D-04
  0.16666667 -0.03333333  0.83333333    0.1481481481D-03
  0.20000000 -0.06666667  0.86666667    0.1481481481D-03
  0.23333333 -0.10000000  0.90000000    0.1481481481D-03
  0.26666667 -0.13333333  0.93333333    0.1481481481D-03
  0.30000000 -0.16666667  0.96666667    0.1481481481D-03
  0.33333333 -0.20000000  1.00000000    0.7407407407D-04
  0.13333333  0.00000000  0.86666667    0.7407407407D-04
  0.16666667 -0.03333333  0.90000000    0.1481481481D-03
  0.20000000 -0.06666667  0.93333333    0.1481481481D-03
  0.23333333 -0.10000000  0.96666667    0.1481481481D-03
  0.26666667 -0.13333333  1.00000000    0.7407407407D-04
  0.13333333  0.00000000  0.93333333    0.7407407407D-04
  0.16666667 -0.03333333  0.96666667    0.1481481481D-03
  0.20000000 -0.06666667  1.00000000    0.7407407407D-04
  0.13333333  0.00000000  1.00000000    0.3703703704D-04
  0.20000000  0.00000000  0.40000000    0.7407407407D-04
  0.23333333 -0.03333333  0.43333333    0.1481481481D-03
  0.26666667 -0.06666667  0.46666667    0.1481481481D-03
  0.30000000 -0.10000000  0.50000000    0.1481481481D-03
  0.33333333 -0.13333333  0.53333333    0.1481481481D-03
  0.36666667 -0.16666667  0.56666667    0.1481481481D-03
  0.40000000 -0.20000000  0.60000000    0.1481481481D-03
  0.43333333 -0.23333333  0.63333333    0.1481481481D-03
  0.46666667 -0.26666667  0.66666667    0.1481481481D-03
  0.50000000 -0.30000000  0.70000000    0.7407407407D-04
  0.20000000  0.00000000  0.46666667    0.7407407407D-04
  0.23333333 -0.03333333  0.50000000    0.1481481481D-03
  0.26666667 -0.06666667  0.53333333    0.1481481481D-03
  0.30000000 -0.10000000  0.56666667    0.1481481481D-03
  0.33333333 -0.13333333  0.60000000    0.1481481481D-03
  0.36666667 -0.16666667  0.63333333    0.1481481481D-03
  0.40000000 -0.20000000  0.66666667    0.1481481481D-03
  0.43333333 -0.23333333  0.70000000    0.1481481481D-03
  0.46666667 -0.26666667  0.73333333    0.1481481481D-03
  0.50000000 -0.30000000  0.76666667    0.1481481481D-03
  0.53333333 -0.33333333  0.80000000    0.1481481481D-03
  0.56666667 -0.36666667  0.83333333    0.1481481481D-03
  0.60000000 -0.40000000  0.86666667    0.1481481481D-03
  0.63333333 -0.43333333  0.90000000    0.1481481481D-03
  0.66666667 -0.46666667  0.93333333    0.1481481481D-03
  0.70000000 -0.50000000  0.96666667    0.1481481481D-03
  0.73333333 -0.53333333  1.00000000    0.7407407407D-04
  0.20000000  0.00000000  0.53333333    0.7407407407D-04
  0.23333333 -0.03333333  0.56666667    0.1481481481D-03
  0.26666667 -0.06666667  0.60000000    0.1481481481D-03
  0.30000000 -0.10000000  0.63333333    0.1481481481D-03
  0.33333333 -0.13333333  0.66666667    0.1481481481D-03
  0.36666667 -0.16666667  0.70000000    0.1481481481D-03
  0.40000000 -0.20000000  0.73333333    0.1481481481D-03
  0.43333333 -0.23333333  0.76666667    0.1481481481D-03
  0.46666667 -0.26666667  0.80000000    0.1481481481D-03
  0.50000000 -0.30000000  0.83333333    0.1481481481D-03
  0.53333333 -0.33333333  0.86666667    0.1481481481D-03
  0.56666667 -0.36666667  0.90000000    0.1481481481D-03
  0.60000000 -0.40000000  0.93333333    0.1481481481D-03
  0.63333333 -0.43333333  0.96666667    0.1481481481D-03
  0.66666667 -0.46666667  1.00000000    0.7407407407D-04
  0.20000000  0.00000000  0.60000000    0.7407407407D-04
  0.23333333 -0.03333333  0.63333333    0.1481481481D-03
  0.26666667 -0.06666667  0.66666667    0.1481481481D-03
  0.30000000 -0.10000000  0.70000000    0.1481481481D-03
  0.33333333 -0.13333333  0.73333333    0.1481481481D-03
  0.36666667 -0.16666667  0.76666667    0.1481481481D-03
  0.40000000 -0.20000000  0.80000000    0.1481481481D-03
  0.43333333 -0.23333333  0.83333333    0.1481481481D-03
  0.46666667 -0.26666667  0.86666667    0.1481481481D-03
  0.50000000 -0.30000000  0.90000000    0.1481481481D-03
  0.53333333 -0.33333333  0.93333333    0.1481481481D-03
  0.56666667 -0.36666667  0.96666667    0.1481481481D-03
  0.60000000 -0.40000000  1.00000000    0.7407407407D-04
  0.20000000  0.00000000  0.66666667    0.7407407407D-04
  0.23333333 -0.03333333  0.70000000    0.1481481481D-03
  0.26666667 -0.06666667  0.73333333    0.1481481481D-03
  0.30000000 -0.10000000  0.76666667    0.1481481481D-03
  0.33333333 -0.13333333  0.80000000    0.1481481481D-03
  0.36666667 -0.16666667  0.83333333    0.1481481481D-03
  0.40000000 -0.20000000  0.86666667    0.1481481481D-03
  0.43333333 -0.23333333  0.90000000    0.1481481481D-03
  0.46666667 -0.26666667  0.93333333    0.1481481481D-03
  0.50000000 -0.30000000  0.96666667    0.1481481481D-03
  0.53333333 -0.33333333  1.00000000    0.7407407407D-04
  0.20000000  0.00000000  0.73333333    0.7407407407D-04
  0.23333333 -0.03333333  0.76666667    0.1481481481D-03
  0.26666667 -0.06666667  0.80000000    0.1481481481D-03
  0.30000000 -0.10000000  0.83333333    0.1481481481D-03
  0.33333333 -0.13333333  0.86666667    0.1481481481D-03
  0.36666667 -0.16666667  0.90000000    0.1481481481D-03
  0.40000000 -0.20000000  0.93333333    0.1481481481D-03
  0.43333333 -0.23333333  0.96666667    0.1481481481D-03
  0.46666667 -0.26666667  1.00000000    0.7407407407D-04
  0.20000000  0.00000000  0.80000000    0.7407407407D-04
  0.23333333 -0.03333333  0.83333333    0.1481481481D-03
  0.26666667 -0.06666667  0.86666667    0.1481481481D-03
  0.30000000 -0.10000000  0.90000000    0.1481481481D-03
  0.33333333 -0.13333333  0.93333333    0.1481481481D-03
  0.36666667 -0.16666667  0.96666667    0.1481481481D-03
  0.40000000 -0.20000000  1.00000000    0.7407407407D-04
  0.20000000  0.00000000  0.86666667    0.7407407407D-04
  0.23333333 -0.03333333  0.90000000    0.1481481481D-03
  0.26666667 -0.06666667  0.93333333    0.1481481481D-03
  0.30000000 -0.10000000  0.96666667    0.1481481481D-03
  0.33333333 -0.13333333  1.00000000    0.7407407407D-04
  0.20000000  0.00000000  0.93333333    0.7407407407D-04
  0.23333333 -0.03333333  0.96666667    0.1481481481D-03
  0.26666667 -0.06666667  1.00000000    0.7407407407D-04
  0.20000000  0.00000000  1.00000000    0.3703703704D-04
  0.26666667  0.00000000  0.53333333    0.7407407407D-04
  0.30000000 -0.03333333  0.56666667    0.1481481481D-03
  0.33333333 -0.06666667  0.60000000    0.1481481481D-03
  0.36666667 -0.10000000  0.63333333    0.1481481481D-03
  0.40000000 -0.13333333  0.66666667    0.1481481481D-03
  0.43333333 -0.16666667  0.70000000    0.1481481481D-03
  0.46666667 -0.20000000  0.73333333    0.1481481481D-03
  0.50000000 -0.23333333  0.76666667    0.7407407407D-04
  0.26666667  0.00000000  0.60000000    0.7407407407D-04
  0.30000000 -0.03333333  0.63333333    0.1481481481D-03
  0.33333333 -0.06666667  0.66666667    0.1481481481D-03
  0.36666667 -0.10000000  0.70000000    0.1481481481D-03
  0.40000000 -0.13333333  0.73333333    0.1481481481D-03
  0.43333333 -0.16666667  0.76666667    0.1481481481D-03
  0.46666667 -0.20000000  0.80000000    0.1481481481D-03
  0.50000000 -0.23333333  0.83333333    0.1481481481D-03
  0.53333333 -0.26666667  0.86666667    0.1481481481D-03
  0.56666667 -0.30000000  0.90000000    0.1481481481D-03
  0.60000000 -0.33333333  0.93333333    0.1481481481D-03
  0.63333333 -0.36666667  0.96666667    0.1481481481D-03
  0.66666667 -0.40000000  1.00000000    0.7407407407D-04
  0.26666667  0.00000000  0.66666667    0.7407407407D-04
  0.30000000 -0.03333333  0.70000000    0.1481481481D-03
  0.33333333 -0.06666667  0.73333333    0.1481481481D-03
  0.36666667 -0.10000000  0.76666667    0.1481481481D-03
  0.40000000 -0.13333333  0.80000000    0.1481481481D-03
  0.43333333 -0.16666667  0.83333333    0.1481481481D-03
  0.46666667 -0.20000000  0.86666667    0.1481481481D-03
  0.50000000 -0.23333333  0.90000000    0.1481481481D-03
  0.53333333 -0.26666667  0.93333333    0.1481481481D-03
  0.56666667 -0.30000000  0.96666667    0.1481481481D-03
  0.60000000 -0.33333333  1.00000000    0.7407407407D-04
  0.26666667  0.00000000  0.73333333    0.7407407407D-04
  0.30000000 -0.03333333  0.76666667    0.1481481481D-03
  0.33333333 -0.06666667  0.80000000    0.1481481481D-03
  0.36666667 -0.10000000  0.83333333    0.1481481481D-03
  0.40000000 -0.13333333  0.86666667    0.1481481481D-03
  0.43333333 -0.16666667  0.90000000    0.1481481481D-03
  0.46666667 -0.20000000  0.93333333    0.1481481481D-03
  0.50000000 -0.23333333  0.96666667    0.1481481481D-03
  0.53333333 -0.26666667  1.00000000    0.7407407407D-04
  0.26666667  0.00000000  0.80000000    0.7407407407D-04
  0.30000000 -0.03333333  0.83333333    0.1481481481D-03
  0.33333333 -0.06666667  0.86666667    0.1481481481D-03
  0.36666667 -0.10000000  0.90000000    0.1481481481D-03
  0.40000000 -0.13333333  0.93333333    0.1481481481D-03
  0.43333333 -0.16666667  0.96666667    0.1481481481D-03
  0.46666667 -0.20000000  1.00000000    0.7407407407D-04
  0.26666667  0.00000000  0.86666667    0.7407407407D-04
  0.30000000 -0.03333333  0.90000000    0.1481481481D-03
  0.33333333 -0.06666667  0.93333333    0.1481481481D-03
  0.36666667 -0.10000000  0.96666667    0.1481481481D-03
  0.40000000 -0.13333333  1.00000000    0.7407407407D-04
  0.26666667  0.00000000  0.93333333    0.7407407407D-04
  0.30000000 -0.03333333  0.96666667    0.1481481481D-03
  0.33333333 -0.06666667  1.00000000    0.7407407407D-04
  0.26666667  0.00000000  1.00000000    0.3703703704D-04
  0.33333333  0.00000000  0.66666667    0.7407407407D-04
  0.36666667 -0.03333333  0.70000000    0.1481481481D-03
  0.40000000 -0.06666667  0.73333333    0.1481481481D-03
  0.43333333 -0.10000000  0.76666667    0.1481481481D-03
  0.46666667 -0.13333333  0.80000000    0.1481481481D-03
  0.50000000 -0.16666667  0.83333333    0.7407407407D-04
  0.33333333  0.00000000  0.73333333    0.7407407407D-04
  0.36666667 -0.03333333  0.76666667    0.1481481481D-03
  0.40000000 -0.06666667  0.80000000    0.1481481481D-03
  0.43333333 -0.10000000  0.83333333    0.1481481481D-03
  0.46666667 -0.13333333  0.86666667    0.1481481481D-03
  0.50000000 -0.16666667  0.90000000    0.1481481481D-03
  0.53333333 -0.20000000  0.93333333    0.1481481481D-03
  0.56666667 -0.23333333  0.96666667    0.1481481481D-03
  0.60000000 -0.26666667  1.00000000    0.7407407407D-04
  0.33333333  0.00000000  0.80000000    0.7407407407D-04
  0.36666667 -0.03333333  0.83333333    0.1481481481D-03
  0.40000000 -0.06666667  0.86666667    0.1481481481D-03
  0.43333333 -0.10000000  0.90000000    0.1481481481D-03
  0.46666667 -0.13333333  0.93333333    0.1481481481D-03
  0.50000000 -0.16666667  0.96666667    0.1481481481D-03
  0.53333333 -0.20000000  1.00000000    0.7407407407D-04
  0.33333333  0.00000000  0.86666667    0.7407407407D-04
  0.36666667 -0.03333333  0.90000000    0.1481481481D-03
  0.40000000 -0.06666667  0.93333333    0.1481481481D-03
  0.43333333 -0.10000000  0.96666667    0.1481481481D-03
  0.46666667 -0.13333333  1.00000000    0.7407407407D-04
  0.33333333  0.00000000  0.93333333    0.7407407407D-04
  0.36666667 -0.03333333  0.96666667    0.1481481481D-03
  0.40000000 -0.06666667  1.00000000    0.7407407407D-04
  0.33333333  0.00000000  1.00000000    0.3703703704D-04
  0.40000000  0.00000000  0.80000000    0.7407407407D-04
  0.43333333 -0.03333333  0.83333333    0.1481481481D-03
  0.46666667 -0.06666667  0.86666667    0.1481481481D-03
  0.50000000 -0.10000000  0.90000000    0.7407407407D-04
  0.40000000  0.00000000  0.86666667    0.7407407407D-04
  0.43333333 -0.03333333  0.90000000    0.1481481481D-03
  0.46666667 -0.06666667  0.93333333    0.1481481481D-03
  0.50000000 -0.10000000  0.96666667    0.1481481481D-03
  0.53333333 -0.13333333  1.00000000    0.7407407407D-04
  0.40000000  0.00000000  0.93333333    0.7407407407D-04
  0.43333333 -0.03333333  0.96666667    0.1481481481D-03
  0.46666667 -0.06666667  1.00000000    0.7407407407D-04
  0.40000000  0.00000000  1.00000000    0.3703703704D-04
  0.46666667  0.00000000  0.93333333    0.7407407407D-04
  0.50000000 -0.03333333  0.96666667    0.7407407407D-04
  0.46666667  0.00000000  1.00000000    0.3703703704D-04
     286   4.0000000000   1.0000000000   1.0000000000
  0.00000000  0.00000000  0.00000000    0.8998308318D-05
  0.04761905 -0.04761905  0.04761905    0.7198646654D-04
  0.09523810 -0.09523810  0.09523810    0.7198646654D-04
  0.14285714 -0.14285714  0.14285714    0.7198646654D-04
  0.19047619 -0.19047619  0.19047619    0.7198646654D-04
  0.23809524 -0.23809524  0.23809524    0.7198646654D-04
  0.28571429 -0.28571429  0.28571429    0.7198646654D-04
  0.33333333 -0.33333333  0.33333333    0.7198646654D-04
  0.38095238 -0.38095238  0.38095238    0.7198646654D-04
  0.42857143 -0.42857143  0.42857143    0.7198646654D-04
  0.47619048 -0.47619048  0.47619048    0.7198646654D-04
  0.00000000  0.00000000  0.09523810    0.5398984991D-04
  0.04761905 -0.04761905  0.14285714    0.2159593996D-03
  0.09523810 -0.09523810  0.19047619    0.2159593996D-03
  0.14285714 -0.14285714  0.23809524    0.2159593996D-03
  0.19047619 -0.19047619  0.28571429    0.2159593996D-03
  0.23809524 -0.23809524  0.33333333    0.2159593996D-03
  0.28571429 -0.28571429  0.38095238    0.2159593996D-03
  0.33333333 -0.33333333  0.42857143    0.2159593996D-03
  0.38095238 -0.38095238  0.47619048    0.2159593996D-03
  0.42857143 -0.42857143  0.52380952    0.2159593996D-03
  0.47619048 -0.47619048  0.57142857    0.2159593996D-03
  0.52380952 -0.52380952  0.61904762    0.2159593996D-03
  0.57142857 -0.57142857  0.66666667    0.2159593996D-03
  0.61904762 -0.61904762  0.71428571    0.2159593996D-03
  0.66666667 -0.66666667  0.76190476    0.2159593996D-03
  0.71428571 -0.71428571  0.80952381    0.2159593996D-03
  0.76190476 -0.76190476  0.85714286    0.2159593996D-03
  0.80952381 -0.80952381  0.90476190    0.2159593996D-03
  0.85714286 -0.85714286  0.95238095    0.2159593996D-03
  0.90476190 -0.90476190  1.00000000    0.1079796998D-03
  0.00000000  0.00000000  0.19047619    0.5398984991D-04
  0.04761905 -0.04761905  0.23809524    0.2159593996D-03
  0.09523810 -0.09523810  0.28571429    0.2159593996D-03
  0.14285714 -0.14285714  0.33333333    0.2159593996D-03
  0.19047619 -0.19047619  0.38095238    0.2159593996D-03
  0.23809524 -0.23809524  0.42857143    0.2159593996D-03
  0.28571429 -0.28571429  0.47619048    0.2159593996D-03
  0.33333333 -0.33333333  0.52380952    0.2159593996D-03
  0.38095238 -0.38095238  0.57142857    0.2159593996D-03
  0.42857143 -0.42857143  0.61904762    0.2159593996D-03
  0.47619048 -0.47619048  0.66666667    0.2159593996D-03
  0.52380952 -0.52380952  0.71428571    0.2159593996D-03
  0.57142857 -0.57142857  0.76190476    0.2159593996D-03
  0.61904762 -0.61904762  0.80952381    0.2159593996D-03
  0.66666667 -0.66666667  0.85714286    0.2159593996D-03
  0.71428571 -0.71428571  0.90476190    0.2159593996D-03
  0.76190476 -0.76190476  0.95238095    0.2159593996D-03
  0.80952381 -0.80952381  1.00000000    0.1079796998D-03
  0.00000000  0.00000000  0.28571429    0.5398984991D-04
  0.04761905 -0.04761905  0.33333333    0.2159593996D-03
  0.09523810 -0.09523810  0.38095238    0.2159593996D-03
  0.14285714 -0.14285714  0.42857143    0.2159593996D-03
  0.19047619 -0.19047619  0.47619048    0.2159593996D-03
  0.23809524 -0.23809524  0.52380952    0.2159593996D-03
  0.28571429 -0.28571429  0.57142857    0.2159593996D-03
  0.33333333 -0.33333333  0.61904762    0.2159593996D-03
  0.38095238 -0.38095238  0.66666667    0.2159593996D-03
  0.42857143 -0.42857143  0.71428571    0.2159593996D-03
  0.47619048 -0.47619048  0.76190476    0.2159593996D-03
  0.52380952 -0.52380952  0.80952381    0.2159593996D-03
  0.57142857 -0.57142857  0.85714286    0.2159593996D-03
  0.61904762 -0.61904762  0.90476190    0.2159593996D-03
  0.66666667 -0.66666667  0.95238095    0.2159593996D-03
  0.71428571 -0.71428571  1.00000000    0.1079796998D-03
  0.00000000  0.00000000  0.38095238    0.5398984991D-04
  0.04761905 -0.04761905  0.42857143    0.2159593996D-03
  0.09523810 -0.09523810  0.47619048    0.2159593996D-03
  0.14285714 -0.14285714  0.52380952    0.2159593996D-03
  0.19047619 -0.19047619  0.57142857    0.2159593996D-03
  0.23809524 -0.23809524  0.61904762    0.2159593996D-03
  0.28571429 -0.28571429  0.66666667    0.2159593996D-03
  0.33333333 -0.33333333  0.71428571    0.2159593996D-03
  0.38095238 -0.38095238  0.76190476    0.2159593996D-03
  0.42857143 -0.42857143  0.80952381    0.2159593996D-03
  0.47619048 -0.47619048  0.85714286    0.2159593996D-03
  0.52380952 -0.52380952  0.90476190    0.2159593996D-03
  0.57142857 -0.57142857  0.95238095    0.2159593996D-03
  0.61904762 -0.61904762  1.00000000    0.1079796998D-03
  0.00000000  0.00000000  0.47619048    0.5398984991D-04
  0.04761905 -0.04761905  0.52380952    0.2159593996D-03
  0.09523810 -0.09523810  0.57142857    0.2159593996D-03
  0.14285714 -0.14285714  0.61904762    0.2159593996D-03
  0.19047619 -0.19047619  0.66666667    0.2159593996D-03
  0.23809524 -0.23809524  0.71428571    0.2159593996D-03
  0.28571429 -0.28571429  0.76190476    0.2159593996D-03
  0.33333333 -0.33333333  0.80952381    0.2159593996D-03
  0.38095238 -0.38095238  0.85714286    0.2159593996D-03
  0.42857143 -0.42857143  0.90476190    0.2159593996D-03
  0.47619048 -0.47619048  0.95238095    0.2159593996D-03
  0.52380952 -0.52380952  1.00000000    0.1079796998D-03
  0.00000000  0.00000000  0.57142857    0.5398984991D-04
  0.04761905 -0.04761905  0.61904762    0.2159593996D-03
  0.09523810 -0.09523810  0.66666667    0.2159593996D-03
  0.14285714 -0.14285714  0.71428571    0.2159593996D-03
  0.19047619 -0.19047619  0.76190476    0.2159593996D-03
  0.23809524 -0.23809524  0.80952381    0.2159593996D-03
  0.28571429 -0.28571429  0.85714286    0.2159593996D-03
  0.33333333 -0.33333333  0.90476190    0.2159593996D-03
  0.38095238 -0.38095238  0.95238095    0.2159593996D-03
  0.42857143 -0.42857143  1.00000000    0.1079796998D-03
  0.00000000  0.00000000  0.66666667    0.5398984991D-04
  0.04761905 -0.04761905  0.71428571    0.2159593996D-03
  0.09523810 -0.09523810  0.76190476    0.2159593996D-03
  0.14285714 -0.14285714  0.80952381    0.2159593996D-03
  0.19047619 -0.19047619  0.85714286    0.2159593996D-03
  0.23809524 -0.23809524  0.90476190    0.2159593996D-03
  0.28571429 -0.28571429  0.95238095    0.2159593996D-03
  0.33333333 -0.33333333  1.00000000    0.1079796998D-03
  0.00000000  0.00000000  0.76190476    0.5398984991D-04
  0.04761905 -0.04761905  0.80952381    0.2159593996D-03
  0.09523810 -0.09523810  0.85714286    0.2159593996D-03
  0.14285714 -0.14285714  0.90476190    0.2159593996D-03
  0.19047619 -0.19047619  0.95238095    0.2159593996D-03
  0.23809524 -0.23809524  1.00000000    0.1079796998D-03
  0.00000000  0.00000000  0.85714286    0.5398984991D-04
  0.04761905 -0.04761905  0.90476190    0.2159593996D-03
  0.09523810 -0.09523810  0.95238095    0.2159593996D-03
  0.14285714 -0.14285714  1.00000000    0.1079796998D-03
  0.00000000  0.00000000  0.95238095    0.5398984991D-04
  0.04761905 -0.04761905  1.00000000    0.1079796998D-03
  0.09523810  0.00000000  0.19047619    0.2159593996D-03
  0.14285714 -0.04761905  0.23809524    0.4319187993D-03
  0.19047619 -0.09523810  0.28571429    0.4319187993D-03
  0.23809524 -0.14285714  0.33333333    0.4319187993D-03
  0.28571429 -0.19047619  0.38095238    0.4319187993D-03
  0.33333333 -0.23809524  0.42857143    0.4319187993D-03
  0.38095238 -0.28571429  0.47619048    0.4319187993D-03
  0.42857143 -0.33333333  0.52380952    0.4319187993D-03
  0.47619048 -0.38095238  0.57142857    0.4319187993D-03
  0.09523810  0.00000000  0.28571429    0.2159593996D-03
  0.14285714 -0.04761905  0.33333333    0.4319187993D-03
  0.19047619 -0.09523810  0.38095238    0.4319187993D-03
  0.23809524 -0.14285714  0.42857143    0.4319187993D-03
  0.28571429 -0.19047619  0.47619048    0.4319187993D-03
  0.33333333 -0.23809524  0.52380952    0.4319187993D-03
  0.38095238 -0.28571429  0.57142857    0.4319187993D-03
  0.42857143 -0.33333333  0.61904762    0.4319187993D-03
  0.47619048 -0.38095238  0.66666667    0.4319187993D-03
  0.52380952 -0.42857143  0.71428571    0.4319187993D-03
  0.57142857 -0.47619048  0.76190476    0.4319187993D-03
  0.61904762 -0.52380952  0.80952381    0.4319187993D-03
  0.66666667 -0.57142857  0.85714286    0.4319187993D-03
  0.71428571 -0.61904762  0.90476190    0.4319187993D-03
  0.76190476 -0.66666667  0.95238095    0.4319187993D-03
  0.80952381 -0.71428571  1.00000000    0.2159593996D-03
  0.09523810  0.00000000  0.38095238    0.2159593996D-03
  0.14285714 -0.04761905  0.42857143    0.4319187993D-03
  0.19047619 -0.09523810  0.47619048    0.4319187993D-03
  0.23809524 -0.14285714  0.52380952    0.4319187993D-03
  0.28571429 -0.19047619  0.57142857    0.4319187993D-03
  0.33333333 -0.23809524  0.61904762    0.4319187993D-03
  0.38095238 -0.28571429  0.66666667    0.4319187993D-03
  0.42857143 -0.33333333  0.71428571    0.4319187993D-03
  0.47619048 -0.38095238  0.76190476    0.4319187993D-03
  0.52380952 -0.42857143  0.80952381    0.4319187993D-03
  0.57142857 -0.47619048  0.85714286    0.4319187993D-03
  0.61904762 -0.52380952  0.90476190    0.4319187993D-03
  0.66666667 -0.57142857  0.95238095    0.4319187993D-03
  0.71428571 -0.61904762  1.00000000    0.2159593996D-03
  0.09523810  0.00000000  0.47619048    0.2159593996D-03
  0.14285714 -0.04761905  0.52380952    0.4319187993D-03
  0.19047619 -0.09523810  0.57142857    0.4319187993D-03
  0.23809524 -0.14285714  0.61904762    0.4319187993D-03
  0.28571429 -0.19047619  0.66666667    0.4319187993D-03
  0.33333333 -0.23809524  0.71428571    0.4319187993D-03
  0.38095238 -0.28571429  0.76190476    0.4319187993D-03
  0.42857143 -0.33333333  0.80952381    0.4319187993D-03
  0.47619048 -0.38095238  0.85714286    0.4319187993D-03
  0.52380952 -0.42857143  0.90476190    0.4319187993D-03
  0.57142857 -0.47619048  0.95238095    0.4319187993D-03
  0.61904762 -0.52380952  1.00000000    0.2159593996D-03
  0.09523810  0.00000000  0.57142857    0.2159593996D-03
  0.14285714 -0.04761905  0.61904762    0.4319187993D-03
  0.19047619 -0.09523810  0.66666667    0.4319187993D-03
  0.23809524 -0.14285714  0.71428571    0.4319187993D-03
  0.28571429 -0.19047619  0.76190476    0.4319187993D-03
  0.33333333 -0.23809524  0.80952381    0.4319187993D-03
  0.38095238 -0.28571429  0.85714286    0.4319187993D-03
  0.42857143 -0.33333333  0.90476190    0.4319187993D-03
  0.47619048 -0.38095238  0.95238095    0.4319187993D-03
  0.52380952 -0.42857143  1.00000000    0.2159593996D-03
  0.09523810  0.00000000  0.66666667    0.2159593996D-03
  0.14285714 -0.04761905  0.71428571    0.4319187993D-03
  0.19047619 -0.09523810  0.76190476    0.4319187993D-03
  0.23809524 -0.14285714  0.80952381    0.4319187993D-03
  0.28571429 -0.19047619  0.85714286    0.4319187993D-03
  0.33333333 -0.23809524  0.90476190    0.4319187993D-03
  0.38095238 -0.28571429  0.95238095    0.4319187993D-03
  0.42857143 -0.33333333  1.00000000    0.2159593996D-03
  0.09523810  0.00000000  0.76190476    0.2159593996D-03
  0.14285714 -0.04761905  0.80952381    0.4319187993D-03
  0.19047619 -0.09523810  0.85714286    0.4319187993D-03
  0.23809524 -0.14285714  0.90476190    0.4319187993D-03
  0.28571429 -0.19047619  0.95238095    0.4319187993D-03
  0.33333333 -0.23809524  1.00000000    0.2159593996D-03
  0.09523810  0.00000000  0.85714286    0.2159593996D-03
  0.14285714 -0.04761905  0.90476190    0.4319187993D-03
  0.19047619 -0.09523810  0.95238095    0.4319187993D-03
  0.23809524 -0.14285714  1.00000000    0.2159593996D-03
  0.09523810  0.00000000  0.95238095    0.2159593996D-03
  0.14285714 -0.04761905  1.00000000    0.2159593996D-03
  0.19047619  0.00000000  0.38095238    0.2159593996D-03
  0.23809524 -0.04761905  0.42857143    0.4319187993D-03
  0.28571429 -0.09523810  0.47619048    0.4319187993D-03
  0.33333333 -0.14285714  0.52380952    0.4319187993D-03
  0.38095238 -0.19047619  0.57142857    0.4319187993D-03
  0.42857143 -0.23809524  0.61904762    0.4319187993D-03
  0.47619048 -0.28571429  0.66666667    0.4319187993D-03
  0.19047619  0.00000000  0.47619048    0.2159593996D-03
  0.23809524 -0.04761905  0.52380952    0.4319187993D-03
  0.28571429 -0.09523810  0.57142857    0.4319187993D-03
  0.33333333 -0.14285714  0.61904762    0.4319187993D-03
  0.38095238 -0.19047619  0.66666667    0.4319187993D-03
  0.42857143 -0.23809524  0.71428571    0.4319187993D-03
  0.47619048 -0.28571429  0.76190476    0.4319187993D-03
  0.52380952 -0.33333333  0.80952381    0.4319187993D-03
  0.57142857 -0.38095238  0.85714286    0.4319187993D-03
  0.61904762 -0.42857143  0.90476190    0.4319187993D-03
  0.66666667 -0.47619048  0.95238095    0.4319187993D-03
  0.71428571 -0.52380952  1.00000000    0.2159593996D-03
  0.19047619  0.00000000  0.57142857    0.2159593996D-03
  0.23809524 -0.04761905  0.61904762    0.4319187993D-03
  0.28571429 -0.09523810  0.66666667    0.4319187993D-03
  0.33333333 -0.14285714  0.71428571    0.4319187993D-03
  0.38095238 -0.19047619  0.76190476    0.4319187993D-03
  0.42857143 -0.23809524  0.80952381    0.4319187993D-03
  0.47619048 -0.28571429  0.85714286    0.4319187993D-03
  0.52380952 -0.33333333  0.90476190    0.4319187993D-03
  0.57142857 -0.38095238  0.95238095    0.4319187993D-03
  0.61904762 -0.42857143  1.00000000    0.2159593996D-03
  0.19047619  0.00000000  0.66666667    0.2159593996D-03
  0.23809524 -0.04761905  0.71428571    0.4319187993D-03
  0.28571429 -0.09523810  0.76190476    0.4319187993D-03
  0.33333333 -0.14285714  0.80952381    0.4319187993D-03
  0.38095238 -0.19047619  0.85714286    0.4319187993D-03
  0.42857143 -0.23809524  0.90476190    0.4319187993D-03
  0.47619048 -0.28571429  0.95238095    0.4319187993D-03
  0.52380952 -0.33333333  1.00000000    0.2159593996D-03
  0.19047619  0.00000000  0.76190476    0.2159593996D-03
  0.23809524 -0.04761905  0.80952381    0.4319187993D-03
  0.28571429 -0.09523810  0.85714286    0.4319187993D-03
  0.33333333 -0.14285714  0.90476190    0.4319187993D-03
  0.38095238 -0.19047619  0.95238095    0.4319187993D-03
  0.42857143 -0.23809524  1.00000000    0.2159593996D-03
  0.19047619  0.00000000  0.85714286    0.2159593996D-03
  0.23809524 -0.04761905  0.90476190    0.4319187993D-03
  0.28571429 -0.09523810  0.95238095    0.4319187993D-03
  0.33333333 -0.14285714  1.00000000    0.2159593996D-03
  0.19047619  0.00000000  0.95238095    0.2159593996D-03
  0.23809524 -0.04761905  1.00000000    0.2159593996D-03
  0.28571429  0.00000000  0.57142857    0.2159593996D-03
  0.33333333 -0.04761905  0.61904762    0.4319187993D-03
  0.38095238 -0.09523810  0.66666667    0.4319187993D-03
  0.42857143 -0.14285714  0.71428571    0.4319187993D-03
  0.47619048 -0.19047619  0.76190476    0.4319187993D-03
  0.28571429  0.00000000  0.66666667    0.2159593996D-03
  0.33333333 -0.04761905  0.71428571    0.4319187993D-03
  0.38095238 -0.09523810  0.76190476    0.4319187993D-03
  0.42857143 -0.14285714  0.80952381    0.4319187993D-03
  0.47619048 -0.19047619  0.85714286    0.4319187993D-03
  0.52380952 -0.23809524  0.90476190    0.4319187993D-03
  0.57142857 -0.28571429  0.95238095    0.4319187993D-03
  0.61904762 -0.33333333  1.00000000    0.2159593996D-03
  0.28571429  0.00000000  0.76190476    0.2159593996D-03
  0.33333333 -0.04761905  0.80952381    0.4319187993D-03
  0.38095238 -0.09523810  0.85714286    0.4319187993D-03
  0.42857143 -0.14285714  0.90476190    0.4319187993D-03
  0.47619048 -0.19047619  0.95238095    0.4319187993D-03
  0.52380952 -0.23809524  1.00000000    0.2159593996D-03
  0.28571429  0.00000000  0.85714286    0.2159593996D-03
  0.33333333 -0.04761905  0.90476190    0.4319187993D-03
  0.38095238 -0.09523810  0.95238095    0.4319187993D-03
  0.42857143 -0.14285714  1.00000000    0.2159593996D-03
  0.28571429  0.00000000  0.95238095    0.2159593996D-03
  0.33333333 -0.04761905  1.00000000    0.2159593996D-03
  0.38095238  0.00000000  0.76190476    0.2159593996D-03
  0.42857143 -0.04761905  0.80952381    0.4319187993D-03
  0.47619048 -0.09523810  0.85714286    0.4319187993D-03
  0.38095238  0.00000000  0.85714286    0.2159593996D-03
  0.42857143 -0.04761905  0.90476190    0.4319187993D-03
  0.47619048 -0.09523810  0.95238095    0.4319187993D-03
  0.52380952 -0.14285714  1.00000000    0.2159593996D-03
  0.38095238  0.00000000  0.95238095    0.2159593996D-03
  0.42857143 -0.04761905  1.00000000    0.2159593996D-03
  0.47619048  0.00000000  0.95238095    0.2159593996D-03
     120   4.0000000000   1.0000000000   1.0000000000
  0.00000000  0.00000000  0.00000000    0.2469135802D-04
  0.06666667 -0.06666667  0.06666667    0.1975308642D-03
  0.13333333 -0.13333333  0.13333333    0.1975308642D-03
  0.20000000 -0.20000000  0.20000000    0.1975308642D-03
  0.26666667 -0.26666667  0.26666667    0.1975308642D-03
  0.33333333 -0.33333333  0.33333333    0.1975308642D-03
  0.40000000 -0.40000000  0.40000000    0.1975308642D-03
  0.46666667 -0.46666667  0.46666667    0.1975308642D-03
  0.00000000  0.00000000  0.13333333    0.1481481481D-03
  0.06666667 -0.06666667  0.20000000    0.5925925926D-03
  0.13333333 -0.13333333  0.26666667    0.5925925926D-03
  0.20000000 -0.20000000  0.33333333    0.5925925926D-03
  0.26666667 -0.26666667  0.40000000    0.5925925926D-03
  0.33333333 -0.33333333  0.46666667    0.5925925926D-03
  0.40000000 -0.40000000  0.53333333    0.5925925926D-03
  0.46666667 -0.46666667  0.60000000    0.5925925926D-03
  0.53333333 -0.53333333  0.66666667    0.5925925926D-03
  0.60000000 -0.60000000  0.73333333    0.5925925926D-03
  0.66666667 -0.66666667  0.80000000    0.5925925926D-03
  0.73333333 -0.73333333  0.86666667    0.5925925926D-03
  0.80000000 -0.80000000  0.93333333    0.5925925926D-03
  0.86666667 -0.86666667  1.00000000    0.2962962963D-03
  0.00000000  0.00000000  0.26666667    0.1481481481D-03
  0.06666667 -0.06666667  0.33333333    0.5925925926D-03
  0.13333333 -0.13333333  0.40000000    0.5925925926D-03
  0.20000000 -0.20000000  0.46666667    0.5925925926D-03
  0.26666667 -0.26666667  0.53333333    0.5925925926D-03
  0.33333333 -0.33333333  0.60000000    0.5925925926D-03
  0.40000000 -0.40000000  0.66666667    0.5925925926D-03
  0.46666667 -0.46666667  0.73333333    0.5925925926D-03
  0.53333333 -0.53333333  0.80000000    0.5925925926D-03
  0.60000000 -0.60000000  0.86666667    0.5925925926D-03
  0.66666667 -0.66666667  0.93333333    0.5925925926D-03
  0.73333333 -0.73333333  1.00000000    0.2962962963D-03
  0.00000000  0.00000000  0.40000000    0.1481481481D-03
  0.06666667 -0.06666667  0.46666667    0.5925925926D-03
  0.13333333 -0.13333333  0.53333333    0.5925925926D-03
  0.20000000 -0.20000000  0.60000000    0.5925925926D-03
  0.26666667 -0.26666667  0.66666667    0.5925925926D-03
  0.33333333 -0.33333333  0.73333333    0.5925925926D-03
  0.40000000 -0.40000000  0.80000000    0.5925925926D-03
  0.46666667 -0.46666667  0.86666667    0.5925925926D-03
  0.53333333 -0.53333333  0.93333333    0.5925925926D-03
  0.60000000 -0.60000000  1.00000000    0.2962962963D-03
  0.00000000  0.00000000  0.53333333    0.1481481481D-03
  0.06666667 -0.06666667  0.60000000    0.5925925926D-03
  0.13333333 -0.13333333  0.66666667    0.5925925926D-03
  0.20000000 -0.20000000  0.73333333    0.5925925926D-03
  0.26666667 -0.26666667  0.80000000    0.5925925926D-03
  0.33333333 -0.33333333  0.86666667    0.5925925926D-03
  0.40000000 -0.40000000  0.93333333    0.5925925926D-03
  0.46666667 -0.46666667  1.00000000    0.2962962963D-03
  0.00000000  0.00000000  0.66666667    0.1481481481D-03
  0.06666667 -0.06666667  0.73333333    0.5925925926D-03
  0.13333333 -0.13333333  0.80000000    0.5925925926D-03
  0.20000000 -0.20000000  0.86666667    0.5925925926D-03
  0.26666667 -0.26666667  0.93333333    0.5925925926D-03
  0.33333333 -0.33333333  1.00000000    0.2962962963D-03
  0.00000000  0.00000000  0.80000000    0.1481481481D-03
  0.06666667 -0.06666667  0.86666667    0.5925925926D-03
  0.13333333 -0.13333333  0.93333333    0.5925925926D-03
  0.20000000 -0.20000000  1.00000000    0.2962962963D-03
  0.00000000  0.00000000  0.93333333    0.1481481481D-03
  0.06666667 -0.06666667  1.00000000    0.2962962963D-03
  0.13333333  0.00000000  0.26666667    0.5925925926D-03
  0.20000000 -0.06666667  0.33333333    0.1185185185D-02
  0.26666667 -0.13333333  0.40000000    0.1185185185D-02
  0.33333333 -0.20000000  0.46666667    0.1185185185D-02
  0.40000000 -0.26666667  0.53333333    0.1185185185D-02
  0.46666667 -0.33333333  0.60000000    0.1185185185D-02
  0.13333333  0.00000000  0.40000000    0.5925925926D-03
  0.20000000 -0.06666667  0.46666667    0.1185185185D-02
  0.26666667 -0.13333333  0.53333333    0.1185185185D-02
  0.33333333 -0.20000000  0.60000000    0.1185185185D-02
  0.40000000 -0.26666667  0.66666667    0.1185185185D-02
  0.46666667 -0.33333333  0.73333333    0.1185185185D-02
  0.53333333 -0.40000000  0.80000000    0.1185185185D-02
  0.60000000 -0.46666667  0.86666667    0.1185185185D-02
  0.66666667 -0.53333333  0.93333333    0.1185185185D-02
  0.73333333 -0.60000000  1.00000000    0.5925925926D-03
  0.13333333  0.00000000  0.53333333    0.5925925926D-03
  0.20000000 -0.06666667  0.60000000    0.1185185185D-02
  0.26666667 -0.13333333  0.66666667    0.1185185185D-02
  0.33333333 -0.20000000  0.73333333    0.1185185185D-02
  0.40000000 -0.26666667  0.80000000    0.1185185185D-02
  0.46666667 -0.33333333  0.86666667    0.1185185185D-02
  0.53333333 -0.40000000  0.93333333    0.1185185185D-02
  0.60000000 -0.46666667  1.00000000    0.5925925926D-03
  0.13333333  0.00000000  0.66666667    0.5925925926D-03
  0.20000000 -0.06666667  0.73333333    0.1185185185D-02
  0.26666667 -0.13333333  0.80000000    0.1185185185D-02
  0.33333333 -0.20000000  0.86666667    0.1185185185D-02
  0.40000000 -0.26666667  0.93333333    0.1185185185D-02
  0.46666667 -0.33333333  1.00000000    0.5925925926D-03
  0.13333333  0.00000000  0.80000000    0.5925925926D-03
  0.20000000 -0.06666667  0.86666667    0.1185185185D-02
  0.26666667 -0.13333333  0.93333333    0.1185185185D-02
  0.33333333 -0.20000000  1.00000000    0.5925925926D-03
  0.13333333  0.00000000  0.93333333    0.5925925926D-03
  0.20000000 -0.06666667  1.00000000    0.5925925926D-03
  0.26666667  0.00000000  0.53333333    0.5925925926D-03
  0.33333333 -0.06666667  0.60000000    0.1185185185D-02
  0.40000000 -0.13333333  0.66666667    0.1185185185D-02
  0.46666667 -0.20000000  0.73333333    0.1185185185D-02
  0.26666667  0.00000000  0.66666667    0.5925925926D-03
  0.33333333 -0.06666667  0.73333333    0.1185185185D-02
  0.40000000 -0.13333333  0.80000000    0.1185185185D-02
  0.46666667 -0.20000000  0.86666667    0.1185185185D-02
  0.53333333 -0.26666667  0.93333333    0.1185185185D-02
  0.60000000 -0.33333333  1.00000000    0.5925925926D-03
  0.26666667  0.00000000  0.80000000    0.5925925926D-03
  0.33333333 -0.06666667  0.86666667    0.1185185185D-02
  0.40000000 -0.13333333  0.93333333    0.1185185185D-02
  0.46666667 -0.20000000  1.00000000    0.5925925926D-03
  0.26666667  0.00000000  0.93333333    0.5925925926D-03
  0.33333333 -0.06666667  1.00000000    0.5925925926D-03
  0.40000000  0.00000000  0.80000000    0.5925925926D-03
  0.46666667 -0.06666667  0.86666667    0.1185185185D-02
  0.40000000  0.00000000  0.93333333    0.5925925926D-03
  0.46666667 -0.06666667  1.00000000    0.5925925926D-03
      47   4.0000000000   1.0000000000   1.0000000000
  0.00000000  0.00000000  0.00000000    0.8333333333D-04
  0.10000000 -0.10000000  0.10000000    0.6666666667D-03
  0.20000000 -0.20000000  0.20000000    0.6666666667D-03
  0.30000000 -0.30000000  0.30000000    0.6666666667D-03
  0.40000000 -0.40000000  0.40000000    0.6666666667D-03
  0.50000000 -0.50000000  0.50000000    0.3333333333D-03
  0.00000000  0.00000000  0.20000000    0.5000000000D-03
  0.10000000 -0.10000000  0.30000000    0.2000000000D-02
  0.20000000 -0.20000000  0.40000000    0.2000000000D-02
  0.30000000 -0.30000000  0.50000000    0.2000000000D-02
  0.40000000 -0.40000000  0.60000000    0.2000000000D-02
  0.50000000 -0.50000000  0.70000000    0.2000000000D-02
  0.60000000 -0.60000000  0.80000000    0.2000000000D-02
  0.70000000 -0.70000000  0.90000000    0.2000000000D-02
  0.80000000 -0.80000000  1.00000000    0.1000000000D-02
  0.00000000  0.00000000  0.40000000    0.5000000000D-03
  0.10000000 -0.10000000  0.50000000    0.2000000000D-02
  0.20000000 -0.20000000  0.60000000    0.2000000000D-02
  0.30000000 -0.30000000  0.70000000    0.2000000000D-02
  0.40000000 -0.40000000  0.80000000    0.2000000000D-02
  0.50000000 -0.50000000  0.90000000    0.2000000000D-02
  0.60000000 -0.60000000  1.00000000    0.1000000000D-02
  0.00000000  0.00000000  0.60000000    0.5000000000D-03
  0.10000000 -0.10000000  0.70000000    0.2000000000D-02
  0.20000000 -0.20000000  0.80000000    0.2000000000D-02
  0.30000000 -0.30000000  0.90000000    0.2000000000D-02
  0.40000000 -0.40000000  1.00000000    0.1000000000D-02
  0.00000000  0.00000000  0.80000000    0.5000000000D-03
  0.10000000 -0.10000000  0.90000000    0.2000000000D-02
  0.20000000 -0.20000000  1.00000000    0.1000000000D-02
  0.00000000  0.00000000  1.00000000    0.2500000000D-03
  0.20000000  0.00000000  0.40000000    0.2000000000D-02
  0.30000000 -0.10000000  0.50000000    0.4000000000D-02
  0.40000000 -0.20000000  0.60000000    0.4000000000D-02
  0.50000000 -0.30000000  0.70000000    0.2000000000D-02
  0.20000000  0.00000000  0.60000000    0.2000000000D-02
  0.30000000 -0.10000000  0.70000000    0.4000000000D-02
  0.40000000 -0.20000000  0.80000000    0.4000000000D-02
  0.50000000 -0.30000000  0.90000000    0.4000000000D-02
  0.60000000 -0.40000000  1.00000000    0.2000000000D-02
  0.20000000  0.00000000  0.80000000    0.2000000000D-02
  0.30000000 -0.10000000  0.90000000    0.4000000000D-02
  0.40000000 -0.20000000  1.00000000    0.2000000000D-02
  0.20000000  0.00000000  1.00000000    0.1000000000D-02
  0.40000000  0.00000000  0.80000000    0.2000000000D-02
  0.50000000 -0.10000000  0.90000000    0.2000000000D-02
  0.40000000  0.00000000  1.00000000    0.1000000000D-02
